"Header Size"           ,15              
"Model Name"            ,"DL850EV       "
"Comment"               ,"                         "
"BlockNumber"           ,1               
"TraceName"             ,"Vgate         ","Vds           ","Id            "
"BlockSize"             ,4004            ,4004            ,4004            
"VUnit"                 ,"V             ","V             ","A             "
"SampleRate"            ,20000000.000000 ,20000000.000000 ,20000000.000000 
"HResolution"           ,5.000000e-08    ,5.000000e-08    ,5.000000e-08    
"HOffset"               ,-4.000000e-05   ,-4.000000e-05   ,-4.000000e-05   
"HUnit"                 ,"s             ","s             ","s             "
"DisplayPointNo."       ,1               ,1               ,1               
"PhaseShift"            ,1               ,1               ,1               
"Date"                  ,"2026/04/09    ","2026/04/09    ","2026/04/09    "
"Time"                  ,"18:55:44.71438238","18:55:44.71438238","18:55:44.71438238"

18:55:44.71434238, 0.0000E+00, 1.0133E+00, 2.6667E-01,
18:55:44.71434243, 0.0000E+00, 1.0000E+00, 1.3333E-01,
18:55:44.71434248, 1.3333E-02, 1.0000E+00, 2.6667E-01,
18:55:44.71434253, 2.6667E-02, 1.0133E+00, 2.6667E-01,
18:55:44.71434258, 0.0000E+00, 9.7333E-01, 1.3333E-01,
18:55:44.71434263, 0.0000E+00, 1.0000E+00, 0.0000E+00,
18:55:44.71434268, 1.3333E-02, 9.8667E-01, 2.6667E-01,
18:55:44.71434273,-2.6667E-02, 9.6000E-01, 1.3333E-01,
18:55:44.71434278, 0.0000E+00, 1.0267E+00,-1.3333E-01,
18:55:44.71434283, 1.3333E-02, 1.0000E+00,-1.3333E-01,
18:55:44.71434288, 1.3333E-02, 1.0000E+00,-1.3333E-01,
18:55:44.71434293,-1.3333E-02, 1.0000E+00, 0.0000E+00,
18:55:44.71434298, 2.6667E-02, 1.0133E+00, 0.0000E+00,
18:55:44.71434303, 0.0000E+00, 1.0000E+00,-2.6667E-01,
18:55:44.71434308, 2.6667E-02, 9.8667E-01,-1.3333E-01,
18:55:44.71434313, 1.3333E-02, 1.0133E+00, 0.0000E+00,
18:55:44.71434318, 1.3333E-02, 1.0000E+00, 0.0000E+00,
18:55:44.71434323, 0.0000E+00, 9.8667E-01, 1.3333E-01,
18:55:44.71434328, 1.3333E-02, 1.0000E+00,-2.6667E-01,
18:55:44.71434333, 1.3333E-02, 9.7333E-01, 0.0000E+00,
18:55:44.71434338,-1.3333E-02, 9.7333E-01,-1.3333E-01,
18:55:44.71434343, 2.6667E-02, 1.0000E+00,-4.0000E-01,
18:55:44.71434348, 2.6667E-02, 9.8667E-01, 1.3333E-01,
18:55:44.71434353, 1.3333E-02, 9.8667E-01, 1.3333E-01,
18:55:44.71434358, 0.0000E+00, 1.0133E+00, 2.6667E-01,
18:55:44.71434363, 2.6667E-02, 9.8667E-01, 1.3333E-01,
18:55:44.71434368, 2.6667E-02, 9.8667E-01, 2.6667E-01,
18:55:44.71434373,-2.6667E-02, 1.0133E+00, 1.3333E-01,
18:55:44.71434378, 0.0000E+00, 1.0000E+00, 4.0000E-01,
18:55:44.71434383,-2.6667E-02, 9.8667E-01, 2.6667E-01,
18:55:44.71434388, 0.0000E+00, 9.7333E-01, 1.3333E-01,
18:55:44.71434393, 1.3333E-02, 1.0000E+00,-1.3333E-01,
18:55:44.71434398, 4.0000E-02, 1.0000E+00, 1.3333E-01,
18:55:44.71434403, 2.6667E-02, 9.8667E-01, 4.0000E-01,
18:55:44.71434408, 1.3333E-02, 9.8667E-01, 1.3333E-01,
18:55:44.71434413, 1.3333E-02, 1.0000E+00, 1.3333E-01,
18:55:44.71434418, 1.3333E-02, 9.8667E-01,-1.3333E-01,
18:55:44.71434423,-1.3333E-02, 9.7333E-01, 2.6667E-01,
18:55:44.71434428, 1.3333E-02, 9.8667E-01,-1.3333E-01,
18:55:44.71434433,-2.6667E-02, 9.7333E-01, 2.6667E-01,
18:55:44.71434438, 1.3333E-02, 1.0000E+00, 0.0000E+00,
18:55:44.71434443, 1.3333E-02, 9.7333E-01, 2.6667E-01,
18:55:44.71434448, 1.3333E-02, 9.8667E-01, 2.6667E-01,
18:55:44.71434453, 2.6667E-02, 9.7333E-01, 0.0000E+00,
18:55:44.71434458, 2.6667E-02, 1.0133E+00, 5.3333E-01,
18:55:44.71434463, 1.3333E-02, 1.0000E+00, 1.3333E-01,
18:55:44.71434468, 1.3333E-02, 9.8667E-01, 4.0000E-01,
18:55:44.71434473, 0.0000E+00, 9.8667E-01, 4.0000E-01,
18:55:44.71434478, 1.3333E-02, 9.8667E-01,-1.3333E-01,
18:55:44.71434483,-1.3333E-02, 9.7333E-01, 1.3333E-01,
18:55:44.71434488, 2.6667E-02, 1.0133E+00, 0.0000E+00,
18:55:44.71434493, 0.0000E+00, 9.8667E-01, 1.3333E-01,
18:55:44.71434498, 2.6667E-02, 1.0267E+00, 1.3333E-01,
18:55:44.71434503, 1.3333E-02, 1.0133E+00,-1.3333E-01,
18:55:44.71434508, 1.3333E-02, 1.0000E+00, 1.3333E-01,
18:55:44.71434513, 1.3333E-02, 1.0133E+00, 4.0000E-01,
18:55:44.71434518, 1.3333E-02, 1.0000E+00, 4.0000E-01,
18:55:44.71434523, 0.0000E+00, 9.8667E-01,-1.3333E-01,
18:55:44.71434528,-4.0000E-02, 9.8667E-01,-1.3333E-01,
18:55:44.71434533, 4.0000E-02, 1.0000E+00, 1.3333E-01,
18:55:44.71434538, 2.6667E-02, 9.8667E-01,-2.6667E-01,
18:55:44.71434543, 1.3333E-02, 9.8667E-01,-1.3333E-01,
18:55:44.71434548, 1.3333E-02, 9.8667E-01,-2.6667E-01,
18:55:44.71434553, 2.6667E-02, 9.8667E-01,-1.3333E-01,
18:55:44.71434558, 1.3333E-02, 1.0000E+00, 1.3333E-01,
18:55:44.71434563, 1.3333E-02, 9.7333E-01, 0.0000E+00,
18:55:44.71434568, 0.0000E+00, 1.0000E+00, 2.6667E-01,
18:55:44.71434573, 2.6667E-02, 9.7333E-01, 1.3333E-01,
18:55:44.71434578,-1.3333E-02, 9.8667E-01,-1.3333E-01,
18:55:44.71434583, 1.3333E-02, 9.8667E-01, 0.0000E+00,
18:55:44.71434588, 0.0000E+00, 9.8667E-01,-1.3333E-01,
18:55:44.71434593, 1.3333E-02, 9.8667E-01, 1.3333E-01,
18:55:44.71434598, 1.3333E-02, 9.8667E-01, 2.6667E-01,
18:55:44.71434603, 2.6667E-02, 9.8667E-01, 0.0000E+00,
18:55:44.71434608, 0.0000E+00, 1.0133E+00, 1.3333E-01,
18:55:44.71434613, 0.0000E+00, 9.7333E-01, 0.0000E+00,
18:55:44.71434618, 0.0000E+00, 1.0000E+00, 0.0000E+00,
18:55:44.71434623,-1.3333E-02, 9.6000E-01, 1.3333E-01,
18:55:44.71434628, 2.6667E-02, 9.8667E-01,-1.3333E-01,
18:55:44.71434633, 1.3333E-02, 9.7333E-01, 1.3333E-01,
18:55:44.71434638, 2.6667E-02, 1.0267E+00, 1.3333E-01,
18:55:44.71434643, 2.6667E-02, 9.8667E-01, 0.0000E+00,
18:55:44.71434648, 2.6667E-02, 9.8667E-01, 0.0000E+00,
18:55:44.71434653, 0.0000E+00, 1.0267E+00, 1.3333E-01,
18:55:44.71434658, 1.3333E-02, 1.0133E+00, 5.3333E-01,
18:55:44.71434663, 0.0000E+00, 1.0267E+00, 1.3333E-01,
18:55:44.71434668, 1.3333E-02, 1.0267E+00, 0.0000E+00,
18:55:44.71434673, 1.3333E-02, 1.0000E+00, 1.3333E-01,
18:55:44.71434678, 4.0000E-02, 9.8667E-01, 5.3333E-01,
18:55:44.71434683, 0.0000E+00, 9.7333E-01, 0.0000E+00,
18:55:44.71434688, 4.0000E-02, 9.8667E-01, 0.0000E+00,
18:55:44.71434693, 1.3333E-02, 1.0000E+00,-1.3333E-01,
18:55:44.71434698, 0.0000E+00, 9.8667E-01, 1.3333E-01,
18:55:44.71434703, 1.3333E-02, 9.8667E-01, 1.3333E-01,
18:55:44.71434708, 1.3333E-02, 9.8667E-01, 1.3333E-01,
18:55:44.71434713, 0.0000E+00, 1.0000E+00, 4.0000E-01,
18:55:44.71434718, 0.0000E+00, 1.0133E+00, 1.3333E-01,
18:55:44.71434723, 1.3333E-02, 1.0000E+00, 4.0000E-01,
18:55:44.71434728, 1.3333E-02, 9.8667E-01, 0.0000E+00,
18:55:44.71434733, 0.0000E+00, 1.0133E+00, 1.3333E-01,
18:55:44.71434738,-1.3333E-02, 1.0000E+00, 1.3333E-01,
18:55:44.71434743, 2.6667E-02, 9.8667E-01, 4.0000E-01,
18:55:44.71434748, 2.6667E-02, 1.0000E+00,-1.3333E-01,
18:55:44.71434753, 0.0000E+00, 1.0133E+00,-1.3333E-01,
18:55:44.71434758, 0.0000E+00, 1.0000E+00, 0.0000E+00,
18:55:44.71434763, 2.6667E-02, 9.8667E-01, 2.6667E-01,
18:55:44.71434768, 2.6667E-02, 1.0133E+00, 2.6667E-01,
18:55:44.71434773,-1.3333E-02, 9.8667E-01, 1.3333E-01,
18:55:44.71434778, 0.0000E+00, 1.0133E+00,-2.6667E-01,
18:55:44.71434783, 4.0000E-02, 9.6000E-01, 0.0000E+00,
18:55:44.71434788, 0.0000E+00, 1.0000E+00, 1.3333E-01,
18:55:44.71434793, 2.6667E-02, 9.8667E-01, 0.0000E+00,
18:55:44.71434798, 2.6667E-02, 9.8667E-01, 2.6667E-01,
18:55:44.71434803, 0.0000E+00, 1.0000E+00,-1.3333E-01,
18:55:44.71434808,-1.3333E-02, 9.8667E-01, 1.3333E-01,
18:55:44.71434813, 1.3333E-02, 1.0133E+00, 4.0000E-01,
18:55:44.71434818,-2.6667E-02, 1.0000E+00, 0.0000E+00,
18:55:44.71434823, 0.0000E+00, 9.6000E-01, 2.6667E-01,
18:55:44.71434828, 0.0000E+00, 9.6000E-01, 1.3333E-01,
18:55:44.71434833, 0.0000E+00, 1.0133E+00, 0.0000E+00,
18:55:44.71434838, 0.0000E+00, 1.0267E+00, 1.3333E-01,
18:55:44.71434843, 0.0000E+00, 9.7333E-01, 0.0000E+00,
18:55:44.71434848, 0.0000E+00, 1.0000E+00, 1.3333E-01,
18:55:44.71434853, 0.0000E+00, 9.8667E-01, 1.3333E-01,
18:55:44.71434858, 0.0000E+00, 9.7333E-01, 1.3333E-01,
18:55:44.71434863, 1.3333E-02, 9.8667E-01, 2.6667E-01,
18:55:44.71434868, 0.0000E+00, 1.0000E+00, 1.3333E-01,
18:55:44.71434873,-1.3333E-02, 1.0000E+00,-1.3333E-01,
18:55:44.71434878, 2.6667E-02, 9.7333E-01, 0.0000E+00,
18:55:44.71434883, 1.3333E-02, 9.8667E-01, 1.3333E-01,
18:55:44.71434888, 2.6667E-02, 1.0000E+00, 0.0000E+00,
18:55:44.71434893, 0.0000E+00, 9.7333E-01, 4.0000E-01,
18:55:44.71434898, 0.0000E+00, 1.0000E+00, 4.0000E-01,
18:55:44.71434903, 0.0000E+00, 1.0000E+00, 1.3333E-01,
18:55:44.71434908, 1.3333E-02, 1.0133E+00, 1.3333E-01,
18:55:44.71434913, 1.3333E-02, 1.0000E+00, 2.6667E-01,
18:55:44.71434918, 1.3333E-02, 9.7333E-01, 2.6667E-01,
18:55:44.71434923, 0.0000E+00, 9.7333E-01, 1.3333E-01,
18:55:44.71434928, 1.3333E-02, 9.8667E-01,-2.6667E-01,
18:55:44.71434933, 1.3333E-02, 1.0267E+00, 4.0000E-01,
18:55:44.71434938, 4.0000E-02, 1.0000E+00, 4.0000E-01,
18:55:44.71434943, 1.3333E-02, 9.8667E-01, 2.6667E-01,
18:55:44.71434948,-2.6667E-02, 9.8667E-01, 0.0000E+00,
18:55:44.71434953,-1.3333E-02, 9.8667E-01, 0.0000E+00,
18:55:44.71434958,-1.3333E-02, 9.8667E-01, 4.0000E-01,
18:55:44.71434963, 2.6667E-02, 1.0133E+00, 4.0000E-01,
18:55:44.71434968, 0.0000E+00, 9.8667E-01, 2.6667E-01,
18:55:44.71434973, 4.0000E-02, 1.0000E+00,-1.3333E-01,
18:55:44.71434978, 4.0000E-02, 1.0000E+00,-1.3333E-01,
18:55:44.71434983, 0.0000E+00, 9.8667E-01, 4.0000E-01,
18:55:44.71434988, 0.0000E+00, 9.8667E-01, 2.6667E-01,
18:55:44.71434993, 1.3333E-02, 9.6000E-01, 1.3333E-01,
18:55:44.71434998,-1.3333E-02, 1.0000E+00, 4.0000E-01,
18:55:44.71435003, 0.0000E+00, 1.0133E+00, 2.6667E-01,
18:55:44.71435008, 1.3333E-02, 9.7333E-01, 1.3333E-01,
18:55:44.71435013, 1.3333E-02, 1.0000E+00, 1.3333E-01,
18:55:44.71435018, 4.0000E-02, 1.0267E+00, 2.6667E-01,
18:55:44.71435023, 1.3333E-02, 9.7333E-01,-1.3333E-01,
18:55:44.71435028, 0.0000E+00, 9.8667E-01, 2.6667E-01,
18:55:44.71435033, 1.3333E-02, 1.0000E+00,-2.6667E-01,
18:55:44.71435038, 1.3333E-02, 9.7333E-01, 4.0000E-01,
18:55:44.71435043, 0.0000E+00, 1.0133E+00, 4.0000E-01,
18:55:44.71435048,-1.3333E-02, 1.0000E+00, 4.0000E-01,
18:55:44.71435053, 2.6667E-02, 1.0000E+00, 1.3333E-01,
18:55:44.71435058, 0.0000E+00, 9.7333E-01, 2.6667E-01,
18:55:44.71435063, 1.3333E-02, 1.0267E+00, 2.6667E-01,
18:55:44.71435068, 0.0000E+00, 9.8667E-01, 2.6667E-01,
18:55:44.71435073, 1.3333E-02, 1.0000E+00, 2.6667E-01,
18:55:44.71435078, 0.0000E+00, 1.0133E+00, 0.0000E+00,
18:55:44.71435083, 1.3333E-02, 1.0000E+00,-1.3333E-01,
18:55:44.71435088, 0.0000E+00, 1.0267E+00, 6.6667E-01,
18:55:44.71435093, 0.0000E+00, 9.8667E-01,-1.3333E-01,
18:55:44.71435098,-1.3333E-02, 1.0000E+00, 0.0000E+00,
18:55:44.71435103,-1.3333E-02, 9.8667E-01,-1.3333E-01,
18:55:44.71435108, 2.6667E-02, 1.0133E+00, 1.3333E-01,
18:55:44.71435113, 0.0000E+00, 1.0133E+00, 0.0000E+00,
18:55:44.71435118, 1.3333E-02, 1.0267E+00, 1.3333E-01,
18:55:44.71435123, 0.0000E+00, 1.0000E+00, 0.0000E+00,
18:55:44.71435128, 2.6667E-02, 1.0133E+00, 4.0000E-01,
18:55:44.71435133, 0.0000E+00, 1.0000E+00, 1.3333E-01,
18:55:44.71435138, 0.0000E+00, 9.8667E-01, 0.0000E+00,
18:55:44.71435143, 1.3333E-02, 9.7333E-01, 4.0000E-01,
18:55:44.71435148,-1.3333E-02, 9.7333E-01, 2.6667E-01,
18:55:44.71435153, 0.0000E+00, 1.0133E+00, 5.3333E-01,
18:55:44.71435158, 0.0000E+00, 9.8667E-01,-2.6667E-01,
18:55:44.71435163, 0.0000E+00, 1.0000E+00, 2.6667E-01,
18:55:44.71435168, 1.3333E-02, 9.8667E-01, 4.0000E-01,
18:55:44.71435173, 0.0000E+00, 1.0000E+00, 0.0000E+00,
18:55:44.71435178, 1.3333E-02, 9.6000E-01, 1.3333E-01,
18:55:44.71435183,-1.3333E-02, 9.8667E-01, 0.0000E+00,
18:55:44.71435188, 1.3333E-02, 9.8667E-01, 5.3333E-01,
18:55:44.71435193,-1.3333E-02, 1.0267E+00, 1.3333E-01,
18:55:44.71435198, 1.3333E-02, 9.7333E-01, 4.0000E-01,
18:55:44.71435203,-1.3333E-02, 1.0000E+00, 2.6667E-01,
18:55:44.71435208, 1.3333E-02, 1.0000E+00, 0.0000E+00,
18:55:44.71435213, 1.3333E-02, 9.8667E-01, 2.6667E-01,
18:55:44.71435218, 2.6667E-02, 9.8667E-01, 1.3333E-01,
18:55:44.71435223, 2.6667E-02, 9.8667E-01, 0.0000E+00,
18:55:44.71435228, 1.3333E-02, 9.7333E-01, 1.3333E-01,
18:55:44.71435233, 1.3333E-02, 9.8667E-01, 4.0000E-01,
18:55:44.71435238, 0.0000E+00, 1.0133E+00, 2.6667E-01,
18:55:44.71435243, 2.6667E-02, 9.8667E-01, 0.0000E+00,
18:55:44.71435248,-2.6667E-02, 1.0000E+00, 2.6667E-01,
18:55:44.71435253, 1.3333E-02, 9.8667E-01, 2.6667E-01,
18:55:44.71435258, 2.6667E-02, 1.0133E+00, 0.0000E+00,
18:55:44.71435263,-1.3333E-02, 9.8667E-01, 1.3333E-01,
18:55:44.71435268, 2.6667E-02, 1.0000E+00,-1.3333E-01,
18:55:44.71435273, 1.3333E-02, 9.7333E-01, 1.3333E-01,
18:55:44.71435278, 4.0000E-02, 9.7333E-01, 2.6667E-01,
18:55:44.71435283, 1.3333E-02, 1.0000E+00, 4.0000E-01,
18:55:44.71435288, 0.0000E+00, 1.0133E+00, 1.3333E-01,
18:55:44.71435293, 1.3333E-02, 9.8667E-01, 1.3333E-01,
18:55:44.71435298, 0.0000E+00, 9.8667E-01, 2.6667E-01,
18:55:44.71435303, 0.0000E+00, 1.0000E+00, 0.0000E+00,
18:55:44.71435308,-1.3333E-02, 9.8667E-01, 1.3333E-01,
18:55:44.71435313, 2.6667E-02, 9.7333E-01, 1.3333E-01,
18:55:44.71435318, 2.6667E-02, 1.0133E+00, 1.3333E-01,
18:55:44.71435323, 1.3333E-02, 1.0133E+00, 2.6667E-01,
18:55:44.71435328,-2.6667E-02, 1.0000E+00, 1.3333E-01,
18:55:44.71435333, 2.6667E-02, 9.8667E-01, 1.3333E-01,
18:55:44.71435338, 0.0000E+00, 1.0267E+00, 1.3333E-01,
18:55:44.71435343, 1.3333E-02, 9.7333E-01, 2.6667E-01,
18:55:44.71435348,-1.3333E-02, 9.7333E-01, 0.0000E+00,
18:55:44.71435353, 2.6667E-02, 9.8667E-01,-1.3333E-01,
18:55:44.71435358, 1.3333E-02, 9.8667E-01, 0.0000E+00,
18:55:44.71435363, 2.6667E-02, 1.0000E+00, 1.3333E-01,
18:55:44.71435368,-2.6667E-02, 9.8667E-01, 1.3333E-01,
18:55:44.71435373,-2.6667E-02, 1.0000E+00,-1.3333E-01,
18:55:44.71435378,-2.6667E-02, 1.0267E+00, 2.6667E-01,
18:55:44.71435383, 1.3333E-02, 9.8667E-01, 5.3333E-01,
18:55:44.71435388, 0.0000E+00, 1.0000E+00, 6.6667E-01,
18:55:44.71435393, 2.6667E-02, 9.8667E-01, 0.0000E+00,
18:55:44.71435398, 2.6667E-02, 1.0267E+00, 1.3333E-01,
18:55:44.71435403, 5.3333E-02, 9.8667E-01, 0.0000E+00,
18:55:44.71435408, 0.0000E+00, 9.8667E-01, 0.0000E+00,
18:55:44.71435413, 0.0000E+00, 1.0133E+00,-2.6667E-01,
18:55:44.71435418, 0.0000E+00, 1.0000E+00,-1.3333E-01,
18:55:44.71435423, 2.6667E-02, 1.0000E+00, 1.3333E-01,
18:55:44.71435428,-2.6667E-02, 1.0000E+00, 0.0000E+00,
18:55:44.71435433, 1.3333E-02, 9.8667E-01,-1.3333E-01,
18:55:44.71435438,-1.3333E-02, 1.0000E+00, 5.3333E-01,
18:55:44.71435443,-1.3333E-02, 9.6000E-01, 2.6667E-01,
18:55:44.71435448, 2.6667E-02, 9.7333E-01, 0.0000E+00,
18:55:44.71435453,-1.3333E-02, 1.0133E+00, 0.0000E+00,
18:55:44.71435458, 2.6667E-02, 9.8667E-01, 1.3333E-01,
18:55:44.71435463, 4.0000E-02, 1.0000E+00, 0.0000E+00,
18:55:44.71435468,-1.3333E-02, 9.7333E-01, 1.3333E-01,
18:55:44.71435473, 4.0000E-02, 9.8667E-01, 0.0000E+00,
18:55:44.71435478, 2.6667E-02, 9.8667E-01, 1.3333E-01,
18:55:44.71435483, 2.6667E-02, 9.8667E-01, 2.6667E-01,
18:55:44.71435488, 0.0000E+00, 1.0267E+00, 0.0000E+00,
18:55:44.71435493, 1.3333E-02, 9.7333E-01, 2.6667E-01,
18:55:44.71435498, 1.3333E-02, 9.8667E-01, 0.0000E+00,
18:55:44.71435503, 1.3333E-02, 1.0133E+00,-1.3333E-01,
18:55:44.71435508, 1.3333E-02, 9.7333E-01,-2.6667E-01,
18:55:44.71435513, 0.0000E+00, 1.0133E+00, 1.3333E-01,
18:55:44.71435518, 0.0000E+00, 1.0000E+00, 1.3333E-01,
18:55:44.71435523,-2.6667E-02, 9.8667E-01, 2.6667E-01,
18:55:44.71435528, 1.3333E-02, 1.0000E+00, 1.3333E-01,
18:55:44.71435533, 2.6667E-02, 9.7333E-01, 1.3333E-01,
18:55:44.71435538, 1.3333E-02, 1.0000E+00, 5.3333E-01,
18:55:44.71435543, 1.3333E-02, 1.0267E+00, 1.3333E-01,
18:55:44.71435548, 1.3333E-02, 1.0133E+00, 0.0000E+00,
18:55:44.71435553, 2.6667E-02, 1.0133E+00, 0.0000E+00,
18:55:44.71435558, 4.0000E-02, 1.0133E+00, 1.3333E-01,
18:55:44.71435563, 0.0000E+00, 1.0000E+00, 1.3333E-01,
18:55:44.71435568, 0.0000E+00, 1.0133E+00, 0.0000E+00,
18:55:44.71435573,-2.6667E-02, 1.0000E+00,-1.3333E-01,
18:55:44.71435578, 2.6667E-02, 9.8667E-01,-1.3333E-01,
18:55:44.71435583, 1.3333E-02, 9.8667E-01,-2.6667E-01,
18:55:44.71435588, 2.6667E-02, 9.7333E-01, 0.0000E+00,
18:55:44.71435593, 1.3333E-02, 9.7333E-01, 0.0000E+00,
18:55:44.71435598, 1.3333E-02, 1.0000E+00, 0.0000E+00,
18:55:44.71435603, 1.3333E-02, 1.0000E+00, 2.6667E-01,
18:55:44.71435608, 0.0000E+00, 9.8667E-01, 2.6667E-01,
18:55:44.71435613, 0.0000E+00, 9.8667E-01, 0.0000E+00,
18:55:44.71435618, 4.0000E-02, 1.0000E+00, 1.3333E-01,
18:55:44.71435623,-1.3333E-02, 1.0000E+00, 0.0000E+00,
18:55:44.71435628,-2.6667E-02, 9.7333E-01, 4.0000E-01,
18:55:44.71435633, 0.0000E+00, 1.0133E+00, 1.3333E-01,
18:55:44.71435638, 0.0000E+00, 1.0267E+00,-1.3333E-01,
18:55:44.71435643,-2.6667E-02, 1.0000E+00, 0.0000E+00,
18:55:44.71435648, 1.3333E-02, 9.7333E-01, 0.0000E+00,
18:55:44.71435653, 0.0000E+00, 1.0000E+00, 1.3333E-01,
18:55:44.71435658, 1.3333E-02, 1.0133E+00, 0.0000E+00,
18:55:44.71435663, 2.6667E-02, 1.0000E+00, 0.0000E+00,
18:55:44.71435668,-1.3333E-02, 9.8667E-01, 1.3333E-01,
18:55:44.71435673, 0.0000E+00, 9.8667E-01, 2.6667E-01,
18:55:44.71435678, 2.6667E-02, 9.8667E-01, 0.0000E+00,
18:55:44.71435683, 0.0000E+00, 9.7333E-01, 0.0000E+00,
18:55:44.71435688, 1.3333E-02, 1.0000E+00, 2.6667E-01,
18:55:44.71435693, 0.0000E+00, 9.7333E-01, 4.0000E-01,
18:55:44.71435698,-2.6667E-02, 9.8667E-01,-1.3333E-01,
18:55:44.71435703, 1.3333E-02, 1.0000E+00,-1.3333E-01,
18:55:44.71435708, 0.0000E+00, 9.8667E-01, 0.0000E+00,
18:55:44.71435713, 2.6667E-02, 1.0000E+00,-1.3333E-01,
18:55:44.71435718,-2.6667E-02, 1.0000E+00,-2.6667E-01,
18:55:44.71435723,-1.3333E-02, 9.7333E-01,-1.3333E-01,
18:55:44.71435728, 1.3333E-02, 9.8667E-01, 1.3333E-01,
18:55:44.71435733, 0.0000E+00, 1.0133E+00, 1.3333E-01,
18:55:44.71435738, 1.3333E-02, 1.0133E+00, 1.3333E-01,
18:55:44.71435743, 0.0000E+00, 1.0133E+00,-2.6667E-01,
18:55:44.71435748, 1.3333E-02, 9.8667E-01, 0.0000E+00,
18:55:44.71435753, 1.3333E-02, 1.0000E+00,-2.6667E-01,
18:55:44.71435758, 4.0000E-02, 1.0000E+00, 2.6667E-01,
18:55:44.71435763, 1.3333E-02, 9.8667E-01, 1.3333E-01,
18:55:44.71435768,-1.3333E-02, 9.8667E-01, 0.0000E+00,
18:55:44.71435773, 1.3333E-02, 1.0000E+00, 0.0000E+00,
18:55:44.71435778, 0.0000E+00, 1.0000E+00, 2.6667E-01,
18:55:44.71435783, 2.6667E-02, 9.8667E-01, 1.3333E-01,
18:55:44.71435788, 1.3333E-02, 1.0133E+00,-1.3333E-01,
18:55:44.71435793, 1.3333E-02, 9.8667E-01, 1.3333E-01,
18:55:44.71435798, 1.3333E-02, 1.0000E+00,-1.3333E-01,
18:55:44.71435803, 2.6667E-02, 9.7333E-01,-2.6667E-01,
18:55:44.71435808, 1.3333E-02, 1.0133E+00, 2.6667E-01,
18:55:44.71435813, 1.3333E-02, 1.0000E+00, 0.0000E+00,
18:55:44.71435818,-2.6667E-02, 1.0000E+00, 4.0000E-01,
18:55:44.71435823,-1.3333E-02, 1.0133E+00, 2.6667E-01,
18:55:44.71435828, 2.6667E-02, 9.4667E-01, 2.6667E-01,
18:55:44.71435833, 0.0000E+00, 1.0000E+00, 1.3333E-01,
18:55:44.71435838, 0.0000E+00, 1.0267E+00,-1.3333E-01,
18:55:44.71435843, 1.3333E-02, 1.0133E+00,-1.3333E-01,
18:55:44.71435848, 2.6667E-02, 9.8667E-01, 4.0000E-01,
18:55:44.71435853, 1.3333E-02, 9.7333E-01,-1.3333E-01,
18:55:44.71435858, 0.0000E+00, 1.0000E+00, 4.0000E-01,
18:55:44.71435863, 0.0000E+00, 1.0133E+00, 1.3333E-01,
18:55:44.71435868, 0.0000E+00, 9.7333E-01,-1.3333E-01,
18:55:44.71435873, 1.3333E-02, 9.8667E-01, 2.6667E-01,
18:55:44.71435878, 0.0000E+00, 9.8667E-01, 4.0000E-01,
18:55:44.71435883,-1.3333E-02, 9.7333E-01, 1.3333E-01,
18:55:44.71435888, 1.3333E-02, 1.0000E+00, 2.6667E-01,
18:55:44.71435893, 1.3333E-02, 1.0000E+00, 0.0000E+00,
18:55:44.71435898, 2.6667E-02, 1.0000E+00, 1.3333E-01,
18:55:44.71435903, 0.0000E+00, 9.7333E-01, 2.6667E-01,
18:55:44.71435908, 0.0000E+00, 9.7333E-01, 2.6667E-01,
18:55:44.71435913, 1.3333E-02, 1.0267E+00, 0.0000E+00,
18:55:44.71435918,-1.3333E-02, 1.0133E+00, 1.3333E-01,
18:55:44.71435923, 2.6667E-02, 9.8667E-01, 0.0000E+00,
18:55:44.71435928, 1.3333E-02, 1.0000E+00, 2.6667E-01,
18:55:44.71435933, 0.0000E+00, 9.6000E-01, 1.3333E-01,
18:55:44.71435938, 0.0000E+00, 9.8667E-01, 1.3333E-01,
18:55:44.71435943, 6.6667E-02, 1.0133E+00,-2.6667E-01,
18:55:44.71435948, 0.0000E+00, 1.0000E+00,-1.3333E-01,
18:55:44.71435953, 4.0000E-02, 9.8667E-01, 0.0000E+00,
18:55:44.71435958,-1.3333E-02, 9.8667E-01, 0.0000E+00,
18:55:44.71435963,-1.3333E-02, 1.0000E+00,-2.6667E-01,
18:55:44.71435968, 1.3333E-02, 1.0133E+00, 2.6667E-01,
18:55:44.71435973, 0.0000E+00, 1.0000E+00, 4.0000E-01,
18:55:44.71435978, 1.3333E-02, 1.0000E+00, 0.0000E+00,
18:55:44.71435983, 1.3333E-02, 9.6000E-01, 0.0000E+00,
18:55:44.71435988, 1.3333E-02, 1.0000E+00,-2.6667E-01,
18:55:44.71435993, 2.6667E-02, 1.0000E+00, 1.3333E-01,
18:55:44.71435998,-1.3333E-02, 9.8667E-01, 4.0000E-01,
18:55:44.71436003, 2.6667E-02, 9.8667E-01,-1.3333E-01,
18:55:44.71436008, 0.0000E+00, 1.0133E+00, 0.0000E+00,
18:55:44.71436013,-5.3333E-02, 1.0133E+00, 0.0000E+00,
18:55:44.71436018, 2.6667E-02, 9.7333E-01, 5.3333E-01,
18:55:44.71436023, 1.3333E-02, 1.0000E+00, 2.6667E-01,
18:55:44.71436028, 1.3333E-02, 9.8667E-01, 2.6667E-01,
18:55:44.71436033, 2.6667E-02, 9.8667E-01, 2.6667E-01,
18:55:44.71436038, 0.0000E+00, 1.0000E+00, 4.0000E-01,
18:55:44.71436043, 1.3333E-02, 1.0000E+00, 1.3333E-01,
18:55:44.71436048, 1.3333E-02, 1.0000E+00, 4.0000E-01,
18:55:44.71436053,-2.6667E-02, 9.8667E-01, 0.0000E+00,
18:55:44.71436058,-2.6667E-02, 1.0000E+00, 1.3333E-01,
18:55:44.71436063, 2.6667E-02, 9.8667E-01, 5.3333E-01,
18:55:44.71436068, 0.0000E+00, 9.7333E-01, 4.0000E-01,
18:55:44.71436073, 1.3333E-02, 1.0000E+00,-2.6667E-01,
18:55:44.71436078, 2.6667E-02, 1.0000E+00, 4.0000E-01,
18:55:44.71436083, 1.3333E-02, 1.0133E+00, 0.0000E+00,
18:55:44.71436088, 2.6667E-02, 1.0000E+00, 0.0000E+00,
18:55:44.71436093,-1.3333E-02, 9.8667E-01, 1.3333E-01,
18:55:44.71436098, 1.3333E-02, 1.0000E+00, 1.3333E-01,
18:55:44.71436103,-2.6667E-02, 1.0000E+00, 2.6667E-01,
18:55:44.71436108, 0.0000E+00, 1.0000E+00, 2.6667E-01,
18:55:44.71436113, 0.0000E+00, 1.0133E+00, 1.3333E-01,
18:55:44.71436118, 2.6667E-02, 1.0133E+00, 4.0000E-01,
18:55:44.71436123,-1.3333E-02, 9.8667E-01, 4.0000E-01,
18:55:44.71436128, 4.0000E-02, 9.8667E-01, 1.3333E-01,
18:55:44.71436133, 0.0000E+00, 1.0267E+00, 2.6667E-01,
18:55:44.71436138, 1.3333E-02, 9.6000E-01, 4.0000E-01,
18:55:44.71436143, 1.3333E-02, 9.8667E-01,-2.6667E-01,
18:55:44.71436148,-1.3333E-02, 9.8667E-01, 0.0000E+00,
18:55:44.71436153, 0.0000E+00, 9.6000E-01,-2.6667E-01,
18:55:44.71436158,-1.3333E-02, 1.0133E+00, 2.6667E-01,
18:55:44.71436163, 0.0000E+00, 9.8667E-01, 2.6667E-01,
18:55:44.71436168, 0.0000E+00, 9.8667E-01, 1.3333E-01,
18:55:44.71436173, 1.3333E-02, 9.7333E-01, 1.3333E-01,
18:55:44.71436178, 0.0000E+00, 1.0267E+00, 4.0000E-01,
18:55:44.71436183, 2.6667E-02, 9.8667E-01, 1.3333E-01,
18:55:44.71436188, 0.0000E+00, 1.0000E+00,-1.3333E-01,
18:55:44.71436193, 1.3333E-02, 1.0000E+00, 2.6667E-01,
18:55:44.71436198, 1.3333E-02, 1.0000E+00, 0.0000E+00,
18:55:44.71436203, 1.3333E-02, 9.8667E-01, 5.3333E-01,
18:55:44.71436208, 0.0000E+00, 9.7333E-01,-1.3333E-01,
18:55:44.71436213, 0.0000E+00, 1.0133E+00, 2.6667E-01,
18:55:44.71436218, 0.0000E+00, 9.7333E-01, 1.3333E-01,
18:55:44.71436223, 2.6667E-02, 9.7333E-01, 2.6667E-01,
18:55:44.71436228, 4.0000E-02, 9.7333E-01, 0.0000E+00,
18:55:44.71436233,-1.3333E-02, 9.7333E-01, 1.3333E-01,
18:55:44.71436238,-1.3333E-02, 9.8667E-01, 1.3333E-01,
18:55:44.71436243, 0.0000E+00, 9.7333E-01,-1.3333E-01,
18:55:44.71436248, 0.0000E+00, 9.7333E-01, 0.0000E+00,
18:55:44.71436253,-1.3333E-02, 9.8667E-01, 0.0000E+00,
18:55:44.71436258, 0.0000E+00, 9.8667E-01, 0.0000E+00,
18:55:44.71436263, 0.0000E+00, 1.0000E+00, 2.6667E-01,
18:55:44.71436268, 0.0000E+00, 9.6000E-01, 1.3333E-01,
18:55:44.71436273, 1.3333E-02, 9.8667E-01, 2.6667E-01,
18:55:44.71436278,-1.3333E-02, 9.8667E-01, 2.6667E-01,
18:55:44.71436283,-1.3333E-02, 9.8667E-01, 1.3333E-01,
18:55:44.71436288, 2.6667E-02, 1.0000E+00,-1.3333E-01,
18:55:44.71436293,-1.3333E-02, 9.8667E-01,-1.3333E-01,
18:55:44.71436298, 1.3333E-02, 1.0000E+00, 2.6667E-01,
18:55:44.71436303,-4.0000E-02, 9.3333E-01, 2.6667E-01,
18:55:44.71436308, 4.0000E-02, 1.0133E+00, 1.3333E-01,
18:55:44.71436313, 0.0000E+00, 9.8667E-01, 0.0000E+00,
18:55:44.71436318, 2.6667E-02, 9.8667E-01, 2.6667E-01,
18:55:44.71436323, 2.6667E-02, 1.0267E+00, 0.0000E+00,
18:55:44.71436328, 0.0000E+00, 1.0000E+00, 0.0000E+00,
18:55:44.71436333,-1.3333E-02, 9.7333E-01,-1.3333E-01,
18:55:44.71436338,-1.3333E-02, 9.8667E-01, 4.0000E-01,
18:55:44.71436343, 2.6667E-02, 9.8667E-01, 1.3333E-01,
18:55:44.71436348,-2.6667E-02, 1.0133E+00, 2.6667E-01,
18:55:44.71436353,-2.6667E-02, 1.0133E+00, 1.3333E-01,
18:55:44.71436358, 0.0000E+00, 9.8667E-01, 0.0000E+00,
18:55:44.71436363, 1.3333E-02, 1.0133E+00, 1.3333E-01,
18:55:44.71436368, 1.3333E-02, 9.8667E-01, 0.0000E+00,
18:55:44.71436373,-1.3333E-02, 1.0267E+00, 2.6667E-01,
18:55:44.71436378, 5.3333E-02, 1.0133E+00, 1.3333E-01,
18:55:44.71436383,-1.3333E-02, 1.0133E+00, 1.3333E-01,
18:55:44.71436388, 1.3333E-02, 1.0133E+00, 1.3333E-01,
18:55:44.71436393, 2.6667E-02, 1.0133E+00, 1.3333E-01,
18:55:44.71436398, 0.0000E+00, 9.7333E-01, 0.0000E+00,
18:55:44.71436403, 1.3333E-02, 1.0000E+00, 2.6667E-01,
18:55:44.71436408, 2.6667E-02, 9.8667E-01, 1.3333E-01,
18:55:44.71436413, 2.6667E-02, 9.8667E-01, 2.6667E-01,
18:55:44.71436418, 0.0000E+00, 9.8667E-01, 4.0000E-01,
18:55:44.71436423, 0.0000E+00, 9.6000E-01, 2.6667E-01,
18:55:44.71436428, 0.0000E+00, 1.0000E+00, 2.6667E-01,
18:55:44.71436433, 1.3333E-02, 9.8667E-01, 0.0000E+00,
18:55:44.71436438, 1.3333E-02, 1.0133E+00, 4.0000E-01,
18:55:44.71436443,-2.6667E-02, 1.0000E+00, 0.0000E+00,
18:55:44.71436448, 0.0000E+00, 1.0000E+00, 1.3333E-01,
18:55:44.71436453,-1.3333E-02, 1.0000E+00, 1.3333E-01,
18:55:44.71436458, 0.0000E+00, 9.8667E-01, 0.0000E+00,
18:55:44.71436463, 1.3333E-02, 1.0000E+00,-1.3333E-01,
18:55:44.71436468, 0.0000E+00, 9.7333E-01,-4.0000E-01,
18:55:44.71436473,-1.3333E-02, 1.0133E+00, 2.6667E-01,
18:55:44.71436478, 1.3333E-02, 9.8667E-01, 0.0000E+00,
18:55:44.71436483, 0.0000E+00, 9.8667E-01,-2.6667E-01,
18:55:44.71436488, 0.0000E+00, 9.8667E-01, 1.3333E-01,
18:55:44.71436493, 1.3333E-02, 1.0267E+00,-1.3333E-01,
18:55:44.71436498, 1.3333E-02, 1.0000E+00, 4.0000E-01,
18:55:44.71436503, 0.0000E+00, 9.6000E-01, 0.0000E+00,
18:55:44.71436508, 2.6667E-02, 9.7333E-01, 1.3333E-01,
18:55:44.71436513, 2.6667E-02, 9.8667E-01, 4.0000E-01,
18:55:44.71436518, 2.6667E-02, 9.8667E-01, 1.3333E-01,
18:55:44.71436523, 0.0000E+00, 1.0000E+00, 0.0000E+00,
18:55:44.71436528,-1.3333E-02, 9.8667E-01, 1.3333E-01,
18:55:44.71436533,-4.0000E-02, 1.0000E+00, 0.0000E+00,
18:55:44.71436538, 1.3333E-02, 1.0000E+00,-1.3333E-01,
18:55:44.71436543, 2.6667E-02, 1.0000E+00, 4.0000E-01,
18:55:44.71436548, 0.0000E+00, 9.8667E-01, 0.0000E+00,
18:55:44.71436553, 0.0000E+00, 1.0000E+00, 1.3333E-01,
18:55:44.71436558, 1.3333E-02, 9.8667E-01, 5.3333E-01,
18:55:44.71436563, 1.3333E-02, 1.0267E+00, 2.6667E-01,
18:55:44.71436568, 2.6667E-02, 1.0000E+00, 1.3333E-01,
18:55:44.71436573,-1.3333E-02, 1.0000E+00, 0.0000E+00,
18:55:44.71436578, 1.3333E-02, 1.0133E+00, 0.0000E+00,
18:55:44.71436583,-2.6667E-02, 1.0000E+00, 1.3333E-01,
18:55:44.71436588, 1.3333E-02, 1.0000E+00,-1.3333E-01,
18:55:44.71436593, 2.6667E-02, 1.0267E+00, 1.3333E-01,
18:55:44.71436598,-1.3333E-02, 1.0133E+00, 2.6667E-01,
18:55:44.71436603, 5.3333E-02, 1.0133E+00, 0.0000E+00,
18:55:44.71436608, 4.0000E-02, 9.8667E-01, 2.6667E-01,
18:55:44.71436613, 2.6667E-02, 1.0000E+00,-1.3333E-01,
18:55:44.71436618, 0.0000E+00, 1.0000E+00, 0.0000E+00,
18:55:44.71436623, 1.3333E-02, 1.0000E+00,-1.3333E-01,
18:55:44.71436628, 0.0000E+00, 1.0000E+00,-2.6667E-01,
18:55:44.71436633, 0.0000E+00, 1.0267E+00, 4.0000E-01,
18:55:44.71436638, 4.0000E-02, 1.0000E+00,-1.3333E-01,
18:55:44.71436643,-1.3333E-02, 9.7333E-01, 1.3333E-01,
18:55:44.71436648, 0.0000E+00, 9.7333E-01, 1.3333E-01,
18:55:44.71436653, 2.6667E-02, 9.7333E-01, 1.3333E-01,
18:55:44.71436658, 2.6667E-02, 1.0000E+00, 1.3333E-01,
18:55:44.71436663,-1.3333E-02, 1.0000E+00, 2.6667E-01,
18:55:44.71436668, 1.3333E-02, 9.8667E-01,-2.6667E-01,
18:55:44.71436673,-1.3333E-02, 1.0133E+00,-2.6667E-01,
18:55:44.71436678, 0.0000E+00, 9.8667E-01, 1.3333E-01,
18:55:44.71436683,-1.3333E-02, 1.0133E+00, 0.0000E+00,
18:55:44.71436688, 5.3333E-02, 1.0133E+00, 1.3333E-01,
18:55:44.71436693,-1.3333E-02, 9.7333E-01, 1.3333E-01,
18:55:44.71436698, 2.6667E-02, 9.7333E-01, 2.6667E-01,
18:55:44.71436703, 1.3333E-02, 9.6000E-01, 1.3333E-01,
18:55:44.71436708, 4.0000E-02, 9.7333E-01, 1.3333E-01,
18:55:44.71436713,-2.6667E-02, 1.0133E+00, 0.0000E+00,
18:55:44.71436718,-2.6667E-02, 1.0133E+00, 1.3333E-01,
18:55:44.71436723, 0.0000E+00, 9.8667E-01, 0.0000E+00,
18:55:44.71436728,-2.6667E-02, 1.0133E+00,-1.3333E-01,
18:55:44.71436733, 1.3333E-02, 9.7333E-01, 0.0000E+00,
18:55:44.71436738, 0.0000E+00, 1.0000E+00, 4.0000E-01,
18:55:44.71436743, 1.3333E-02, 1.0000E+00, 4.0000E-01,
18:55:44.71436748, 1.3333E-02, 1.0133E+00, 1.3333E-01,
18:55:44.71436753, 1.3333E-02, 1.0133E+00,-1.3333E-01,
18:55:44.71436758,-1.3333E-02, 9.8667E-01,-1.3333E-01,
18:55:44.71436763,-2.6667E-02, 1.0000E+00, 2.6667E-01,
18:55:44.71436768,-1.3333E-02, 1.0267E+00, 2.6667E-01,
18:55:44.71436773, 0.0000E+00, 1.0000E+00, 1.3333E-01,
18:55:44.71436778,-1.3333E-02, 9.8667E-01, 1.3333E-01,
18:55:44.71436783, 0.0000E+00, 9.7333E-01, 1.3333E-01,
18:55:44.71436788, 1.3333E-02, 1.0267E+00,-1.3333E-01,
18:55:44.71436793, 2.6667E-02, 1.0133E+00, 1.3333E-01,
18:55:44.71436798, 4.0000E-02, 9.7333E-01, 0.0000E+00,
18:55:44.71436803, 4.0000E-02, 1.0267E+00, 1.3333E-01,
18:55:44.71436808,-2.6667E-02, 1.0133E+00,-2.6667E-01,
18:55:44.71436813, 1.3333E-02, 1.0000E+00, 1.3333E-01,
18:55:44.71436818, 0.0000E+00, 1.0133E+00, 0.0000E+00,
18:55:44.71436823, 2.6667E-02, 1.0000E+00, 0.0000E+00,
18:55:44.71436828, 1.3333E-02, 1.0000E+00, 0.0000E+00,
18:55:44.71436833,-2.6667E-02, 1.0000E+00, 4.0000E-01,
18:55:44.71436838, 0.0000E+00, 1.0000E+00, 0.0000E+00,
18:55:44.71436843, 4.0000E-02, 9.7333E-01, 4.0000E-01,
18:55:44.71436848, 2.6667E-02, 1.0000E+00, 1.3333E-01,
18:55:44.71436853, 0.0000E+00, 1.0000E+00, 4.0000E-01,
18:55:44.71436858, 2.6667E-02, 1.0133E+00, 1.3333E-01,
18:55:44.71436863, 1.3333E-02, 1.0133E+00, 5.3333E-01,
18:55:44.71436868, 1.3333E-02, 9.8667E-01, 1.3333E-01,
18:55:44.71436873,-2.6667E-02, 1.0133E+00, 0.0000E+00,
18:55:44.71436878, 1.3333E-02, 9.7333E-01,-1.3333E-01,
18:55:44.71436883, 1.3333E-02, 9.8667E-01,-2.6667E-01,
18:55:44.71436888,-1.3333E-02, 9.7333E-01, 1.3333E-01,
18:55:44.71436893, 2.6667E-02, 1.0000E+00, 0.0000E+00,
18:55:44.71436898, 1.3333E-02, 9.8667E-01, 2.6667E-01,
18:55:44.71436903, 1.3333E-02, 9.8667E-01, 0.0000E+00,
18:55:44.71436908, 0.0000E+00, 9.8667E-01, 1.3333E-01,
18:55:44.71436913, 1.3333E-02, 1.0000E+00, 5.3333E-01,
18:55:44.71436918, 0.0000E+00, 1.0267E+00, 1.3333E-01,
18:55:44.71436923, 1.3333E-02, 9.8667E-01,-1.3333E-01,
18:55:44.71436928, 0.0000E+00, 9.8667E-01, 0.0000E+00,
18:55:44.71436933, 1.3333E-02, 9.4667E-01,-1.3333E-01,
18:55:44.71436938, 2.6667E-02, 9.8667E-01, 2.6667E-01,
18:55:44.71436943, 1.3333E-02, 1.0000E+00, 1.3333E-01,
18:55:44.71436948, 1.3333E-02, 9.8667E-01, 4.0000E-01,
18:55:44.71436953, 4.0000E-02, 1.0000E+00, 2.6667E-01,
18:55:44.71436958, 0.0000E+00, 1.0267E+00,-2.6667E-01,
18:55:44.71436963,-2.6667E-02, 1.0000E+00, 4.0000E-01,
18:55:44.71436968, 0.0000E+00, 1.0000E+00, 1.3333E-01,
18:55:44.71436973, 5.3333E-02, 9.8667E-01, 0.0000E+00,
18:55:44.71436978, 0.0000E+00, 9.6000E-01, 0.0000E+00,
18:55:44.71436983, 1.3333E-02, 9.8667E-01, 1.3333E-01,
18:55:44.71436988, 2.6667E-02, 1.0133E+00, 0.0000E+00,
18:55:44.71436993, 4.0000E-02, 1.0000E+00, 0.0000E+00,
18:55:44.71436998, 5.3333E-02, 9.8667E-01, 1.3333E-01,
18:55:44.71437003, 1.3333E-02, 9.7333E-01, 4.0000E-01,
18:55:44.71437008, 2.6667E-02, 9.8667E-01, 1.3333E-01,
18:55:44.71437013, 0.0000E+00, 1.0267E+00, 2.6667E-01,
18:55:44.71437018, 0.0000E+00, 9.8667E-01, 1.3333E-01,
18:55:44.71437023, 2.6667E-02, 9.6000E-01, 2.6667E-01,
18:55:44.71437028, 0.0000E+00, 9.7333E-01,-1.3333E-01,
18:55:44.71437033, 1.3333E-02, 9.8667E-01, 1.3333E-01,
18:55:44.71437038, 0.0000E+00, 9.7333E-01, 5.3333E-01,
18:55:44.71437043, 2.6667E-02, 1.0000E+00,-1.3333E-01,
18:55:44.71437048, 5.3333E-02, 9.8667E-01, 1.3333E-01,
18:55:44.71437053, 2.6667E-02, 1.0133E+00, 1.3333E-01,
18:55:44.71437058,-4.0000E-02, 1.0000E+00, 1.3333E-01,
18:55:44.71437063,-1.3333E-02, 9.7333E-01, 1.3333E-01,
18:55:44.71437068, 0.0000E+00, 9.7333E-01, 1.3333E-01,
18:55:44.71437073, 0.0000E+00, 1.0000E+00, 1.3333E-01,
18:55:44.71437078, 2.6667E-02, 9.6000E-01,-1.3333E-01,
18:55:44.71437083, 4.0000E-02, 9.7333E-01,-2.6667E-01,
18:55:44.71437088, 0.0000E+00, 9.8667E-01, 1.3333E-01,
18:55:44.71437093,-1.3333E-02, 1.0133E+00, 2.6667E-01,
18:55:44.71437098, 2.6667E-02, 1.0000E+00, 2.6667E-01,
18:55:44.71437103, 1.3333E-02, 9.8667E-01, 1.3333E-01,
18:55:44.71437108, 0.0000E+00, 9.8667E-01, 0.0000E+00,
18:55:44.71437113, 0.0000E+00, 1.0133E+00, 1.3333E-01,
18:55:44.71437118, 4.0000E-02, 9.8667E-01, 2.6667E-01,
18:55:44.71437123, 1.3333E-02, 9.7333E-01,-1.3333E-01,
18:55:44.71437128, 1.3333E-02, 9.6000E-01, 0.0000E+00,
18:55:44.71437133, 1.3333E-02, 9.8667E-01, 1.3333E-01,
18:55:44.71437138, 4.0000E-02, 9.7333E-01, 1.3333E-01,
18:55:44.71437143, 2.6667E-02, 1.0000E+00, 2.6667E-01,
18:55:44.71437148,-1.3333E-02, 9.8667E-01, 2.6667E-01,
18:55:44.71437153,-1.3333E-02, 1.0000E+00, 0.0000E+00,
18:55:44.71437158,-2.6667E-02, 9.7333E-01,-1.3333E-01,
18:55:44.71437163,-2.6667E-02, 9.6000E-01, 0.0000E+00,
18:55:44.71437168, 0.0000E+00, 1.0133E+00, 2.6667E-01,
18:55:44.71437173, 2.6667E-02, 9.7333E-01, 0.0000E+00,
18:55:44.71437178, 1.3333E-02, 1.0000E+00, 2.6667E-01,
18:55:44.71437183, 1.3333E-02, 9.7333E-01, 0.0000E+00,
18:55:44.71437188, 0.0000E+00, 9.8667E-01, 2.6667E-01,
18:55:44.71437193, 1.3333E-02, 1.0133E+00,-1.3333E-01,
18:55:44.71437198, 0.0000E+00, 1.0000E+00, 2.6667E-01,
18:55:44.71437203,-2.6667E-02, 9.7333E-01, 1.3333E-01,
18:55:44.71437208, 1.3333E-02, 1.0000E+00,-1.3333E-01,
18:55:44.71437213, 1.3333E-02, 9.8667E-01, 1.3333E-01,
18:55:44.71437218, 1.3333E-02, 9.8667E-01, 4.0000E-01,
18:55:44.71437223, 0.0000E+00, 1.0000E+00, 1.3333E-01,
18:55:44.71437228, 1.3333E-02, 9.8667E-01,-1.3333E-01,
18:55:44.71437233, 0.0000E+00, 9.8667E-01, 1.3333E-01,
18:55:44.71437238, 1.3333E-02, 1.0000E+00, 2.6667E-01,
18:55:44.71437243, 2.6667E-02, 1.0000E+00,-1.3333E-01,
18:55:44.71437248,-1.3333E-02, 9.8667E-01, 2.6667E-01,
18:55:44.71437253,-1.3333E-02, 1.0000E+00, 4.0000E-01,
18:55:44.71437258,-1.3333E-02, 9.8667E-01, 0.0000E+00,
18:55:44.71437263, 4.0000E-02, 9.8667E-01,-2.6667E-01,
18:55:44.71437268, 1.3333E-02, 9.7333E-01,-1.3333E-01,
18:55:44.71437273, 0.0000E+00, 9.6000E-01, 1.3333E-01,
18:55:44.71437278, 0.0000E+00, 9.8667E-01, 2.6667E-01,
18:55:44.71437283, 4.0000E-02, 1.0000E+00, 4.0000E-01,
18:55:44.71437288, 2.6667E-02, 1.0000E+00, 4.0000E-01,
18:55:44.71437293, 1.3333E-02, 9.7333E-01, 0.0000E+00,
18:55:44.71437298,-2.6667E-02, 1.0000E+00, 2.6667E-01,
18:55:44.71437303,-1.3333E-02, 9.8667E-01, 0.0000E+00,
18:55:44.71437308, 1.3333E-02, 9.8667E-01, 1.3333E-01,
18:55:44.71437313,-1.3333E-02, 9.8667E-01, 2.6667E-01,
18:55:44.71437318, 1.3333E-02, 1.0133E+00, 0.0000E+00,
18:55:44.71437323,-1.3333E-02, 1.0133E+00, 2.6667E-01,
18:55:44.71437328, 2.6667E-02, 9.8667E-01, 1.3333E-01,
18:55:44.71437333, 0.0000E+00, 1.0000E+00, 1.3333E-01,
18:55:44.71437338, 2.6667E-02, 9.8667E-01, 0.0000E+00,
18:55:44.71437343,-1.3333E-02, 9.7333E-01, 0.0000E+00,
18:55:44.71437348, 1.3333E-02, 9.8667E-01, 2.6667E-01,
18:55:44.71437353, 2.6667E-02, 1.0133E+00, 0.0000E+00,
18:55:44.71437358,-4.0000E-02, 1.0000E+00, 2.6667E-01,
18:55:44.71437363, 1.3333E-02, 9.6000E-01, 0.0000E+00,
18:55:44.71437368, 0.0000E+00, 9.7333E-01, 0.0000E+00,
18:55:44.71437373, 0.0000E+00, 1.0133E+00, 0.0000E+00,
18:55:44.71437378, 1.3333E-02, 1.0133E+00, 4.0000E-01,
18:55:44.71437383, 0.0000E+00, 9.8667E-01, 0.0000E+00,
18:55:44.71437388, 0.0000E+00, 9.7333E-01, 1.3333E-01,
18:55:44.71437393, 1.3333E-02, 1.0133E+00, 1.3333E-01,
18:55:44.71437398, 0.0000E+00, 1.0000E+00,-1.3333E-01,
18:55:44.71437403, 0.0000E+00, 9.8667E-01, 2.6667E-01,
18:55:44.71437408, 1.3333E-02, 1.0133E+00, 1.3333E-01,
18:55:44.71437413, 2.6667E-02, 1.0000E+00, 0.0000E+00,
18:55:44.71437418, 5.3333E-02, 9.7333E-01, 0.0000E+00,
18:55:44.71437423, 2.6667E-02, 9.8667E-01,-1.3333E-01,
18:55:44.71437428, 4.0000E-02, 1.0000E+00, 1.3333E-01,
18:55:44.71437433, 4.0000E-02, 1.0133E+00, 0.0000E+00,
18:55:44.71437438, 1.3333E-02, 1.0000E+00, 2.6667E-01,
18:55:44.71437443, 0.0000E+00, 1.0000E+00, 2.6667E-01,
18:55:44.71437448, 1.3333E-02, 9.7333E-01, 4.0000E-01,
18:55:44.71437453, 1.3333E-02, 1.0000E+00, 0.0000E+00,
18:55:44.71437458, 1.3333E-02, 1.0133E+00, 1.3333E-01,
18:55:44.71437463, 2.6667E-02, 9.8667E-01, 5.3333E-01,
18:55:44.71437468, 2.6667E-02, 9.8667E-01,-1.3333E-01,
18:55:44.71437473, 2.6667E-02, 1.0267E+00, 1.3333E-01,
18:55:44.71437478, 1.3333E-02, 9.8667E-01,-1.3333E-01,
18:55:44.71437483,-1.3333E-02, 1.0000E+00, 2.6667E-01,
18:55:44.71437488, 1.3333E-02, 9.8667E-01, 2.6667E-01,
18:55:44.71437493, 0.0000E+00, 1.0000E+00, 2.6667E-01,
18:55:44.71437498, 2.6667E-02, 9.8667E-01, 0.0000E+00,
18:55:44.71437503, 0.0000E+00, 9.8667E-01, 0.0000E+00,
18:55:44.71437508, 1.3333E-02, 1.0133E+00, 1.3333E-01,
18:55:44.71437513, 1.3333E-02, 9.8667E-01, 1.3333E-01,
18:55:44.71437518, 2.6667E-02, 1.0000E+00, 4.0000E-01,
18:55:44.71437523, 1.3333E-02, 1.0000E+00, 2.6667E-01,
18:55:44.71437528, 0.0000E+00, 9.7333E-01, 1.3333E-01,
18:55:44.71437533, 0.0000E+00, 9.7333E-01, 1.3333E-01,
18:55:44.71437538, 2.6667E-02, 9.6000E-01, 1.3333E-01,
18:55:44.71437543, 1.3333E-02, 1.0000E+00, 0.0000E+00,
18:55:44.71437548, 1.3333E-02, 9.7333E-01, 2.6667E-01,
18:55:44.71437553, 2.6667E-02, 9.8667E-01, 1.3333E-01,
18:55:44.71437558, 5.3333E-02, 1.0000E+00, 1.3333E-01,
18:55:44.71437563, 0.0000E+00, 1.0133E+00, 1.3333E-01,
18:55:44.71437568, 2.6667E-02, 1.0000E+00, 4.0000E-01,
18:55:44.71437573, 5.3333E-02, 1.0000E+00,-1.3333E-01,
18:55:44.71437578,-1.3333E-02, 9.7333E-01, 0.0000E+00,
18:55:44.71437583, 0.0000E+00, 9.8667E-01, 2.6667E-01,
18:55:44.71437588,-1.3333E-02, 9.8667E-01, 2.6667E-01,
18:55:44.71437593,-1.3333E-02, 1.0267E+00, 1.3333E-01,
18:55:44.71437598, 0.0000E+00, 9.8667E-01,-2.6667E-01,
18:55:44.71437603, 2.6667E-02, 9.7333E-01, 0.0000E+00,
18:55:44.71437608, 4.0000E-02, 9.8667E-01, 0.0000E+00,
18:55:44.71437613,-1.3333E-02, 1.0133E+00, 0.0000E+00,
18:55:44.71437618, 2.6667E-02, 1.0133E+00, 1.3333E-01,
18:55:44.71437623, 0.0000E+00, 1.0000E+00, 1.3333E-01,
18:55:44.71437628,-1.3333E-02, 9.7333E-01, 2.6667E-01,
18:55:44.71437633, 0.0000E+00, 1.0000E+00, 2.6667E-01,
18:55:44.71437638, 0.0000E+00, 1.0000E+00, 1.3333E-01,
18:55:44.71437643, 5.3333E-02, 9.8667E-01, 1.3333E-01,
18:55:44.71437648, 1.3333E-02, 9.8667E-01, 0.0000E+00,
18:55:44.71437653, 1.3333E-02, 1.0133E+00, 1.3333E-01,
18:55:44.71437658, 1.3333E-02, 1.0133E+00, 0.0000E+00,
18:55:44.71437663, 4.0000E-02, 9.8667E-01, 1.3333E-01,
18:55:44.71437668, 2.6667E-02, 9.7333E-01, 0.0000E+00,
18:55:44.71437673, 0.0000E+00, 1.0000E+00,-1.3333E-01,
18:55:44.71437678, 1.3333E-02, 1.0000E+00, 0.0000E+00,
18:55:44.71437683, 1.3333E-02, 9.8667E-01, 0.0000E+00,
18:55:44.71437688, 0.0000E+00, 9.7333E-01,-1.3333E-01,
18:55:44.71437693, 2.6667E-02, 1.0133E+00,-2.6667E-01,
18:55:44.71437698, 0.0000E+00, 9.4667E-01,-2.6667E-01,
18:55:44.71437703, 2.6667E-02, 1.0267E+00, 0.0000E+00,
18:55:44.71437708, 0.0000E+00, 9.7333E-01,-1.3333E-01,
18:55:44.71437713, 1.3333E-02, 9.8667E-01,-1.3333E-01,
18:55:44.71437718, 4.0000E-02, 9.8667E-01, 0.0000E+00,
18:55:44.71437723, 1.3333E-02, 9.8667E-01,-1.3333E-01,
18:55:44.71437728, 1.3333E-02, 1.0000E+00, 2.6667E-01,
18:55:44.71437733,-2.6667E-02, 1.0000E+00, 2.6667E-01,
18:55:44.71437738, 2.6667E-02, 9.8667E-01, 4.0000E-01,
18:55:44.71437743,-1.3333E-02, 9.7333E-01,-1.3333E-01,
18:55:44.71437748, 2.6667E-02, 9.8667E-01, 0.0000E+00,
18:55:44.71437753, 0.0000E+00, 9.7333E-01,-1.3333E-01,
18:55:44.71437758, 4.0000E-02, 9.8667E-01, 0.0000E+00,
18:55:44.71437763, 0.0000E+00, 9.7333E-01, 0.0000E+00,
18:55:44.71437768, 4.0000E-02, 9.8667E-01, 2.6667E-01,
18:55:44.71437773,-1.3333E-02, 9.8667E-01, 1.3333E-01,
18:55:44.71437778, 0.0000E+00, 9.6000E-01, 1.3333E-01,
18:55:44.71437783, 0.0000E+00, 9.8667E-01, 1.3333E-01,
18:55:44.71437788, 0.0000E+00, 1.0000E+00, 2.6667E-01,
18:55:44.71437793, 2.6667E-02, 1.0000E+00, 1.3333E-01,
18:55:44.71437798, 2.6667E-02, 1.0267E+00, 0.0000E+00,
18:55:44.71437803, 0.0000E+00, 9.7333E-01, 0.0000E+00,
18:55:44.71437808, 1.3333E-02, 9.6000E-01, 0.0000E+00,
18:55:44.71437813, 1.3333E-02, 1.0000E+00, 1.3333E-01,
18:55:44.71437818, 0.0000E+00, 1.0000E+00,-1.3333E-01,
18:55:44.71437823, 1.3333E-02, 1.0267E+00, 1.3333E-01,
18:55:44.71437828,-1.3333E-02, 9.7333E-01, 2.6667E-01,
18:55:44.71437833, 0.0000E+00, 9.8667E-01, 0.0000E+00,
18:55:44.71437838, 0.0000E+00, 9.8667E-01,-1.3333E-01,
18:55:44.71437843, 1.3333E-02, 1.0133E+00, 1.3333E-01,
18:55:44.71437848, 1.3333E-02, 1.0000E+00, 1.3333E-01,
18:55:44.71437853, 1.3333E-02, 1.0133E+00,-1.3333E-01,
18:55:44.71437858, 0.0000E+00, 1.0000E+00, 0.0000E+00,
18:55:44.71437863, 0.0000E+00, 9.6000E-01, 1.3333E-01,
18:55:44.71437868, 0.0000E+00, 1.0133E+00, 2.6667E-01,
18:55:44.71437873, 0.0000E+00, 9.8667E-01, 2.6667E-01,
18:55:44.71437878, 0.0000E+00, 1.0000E+00, 2.6667E-01,
18:55:44.71437883, 1.3333E-02, 9.7333E-01, 0.0000E+00,
18:55:44.71437888, 0.0000E+00, 1.0000E+00, 5.3333E-01,
18:55:44.71437893, 1.3333E-02, 1.0133E+00, 4.0000E-01,
18:55:44.71437898, 2.6667E-02, 1.0267E+00, 1.3333E-01,
18:55:44.71437903, 0.0000E+00, 9.8667E-01, 0.0000E+00,
18:55:44.71437908, 1.3333E-02, 1.0000E+00, 2.6667E-01,
18:55:44.71437913, 1.3333E-02, 9.8667E-01,-1.3333E-01,
18:55:44.71437918, 1.3333E-02, 1.0000E+00,-1.3333E-01,
18:55:44.71437923, 0.0000E+00, 1.0000E+00, 2.6667E-01,
18:55:44.71437928,-2.6667E-02, 9.7333E-01, 0.0000E+00,
18:55:44.71437933, 0.0000E+00, 9.8667E-01, 0.0000E+00,
18:55:44.71437938, 2.6667E-02, 9.8667E-01, 0.0000E+00,
18:55:44.71437943, 2.6667E-02, 1.0000E+00, 0.0000E+00,
18:55:44.71437948, 4.0000E-02, 1.0000E+00, 1.3333E-01,
18:55:44.71437953, 0.0000E+00, 9.7333E-01, 2.6667E-01,
18:55:44.71437958, 1.3333E-02, 9.7333E-01, 4.0000E-01,
18:55:44.71437963, 1.3333E-02, 9.8667E-01, 2.6667E-01,
18:55:44.71437968,-1.3333E-02, 1.0000E+00, 2.6667E-01,
18:55:44.71437973, 0.0000E+00, 1.0000E+00,-1.3333E-01,
18:55:44.71437978, 1.3333E-02, 1.0000E+00, 0.0000E+00,
18:55:44.71437983, 1.3333E-02, 9.8667E-01, 0.0000E+00,
18:55:44.71437988, 2.6667E-02, 1.0133E+00, 1.3333E-01,
18:55:44.71437993, 2.6667E-02, 1.0000E+00, 0.0000E+00,
18:55:44.71437998, 0.0000E+00, 1.0000E+00,-2.6667E-01,
18:55:44.71438003, 1.3333E-02, 9.8667E-01,-2.6667E-01,
18:55:44.71438008, 0.0000E+00, 1.0133E+00,-1.3333E-01,
18:55:44.71438013,-2.6667E-02, 1.0133E+00, 0.0000E+00,
18:55:44.71438018, 2.6667E-02, 1.0133E+00, 2.6667E-01,
18:55:44.71438023, 0.0000E+00, 1.0000E+00, 1.3333E-01,
18:55:44.71438028,-1.3333E-02, 1.0000E+00, 2.6667E-01,
18:55:44.71438033, 2.6667E-02, 1.0000E+00,-2.6667E-01,
18:55:44.71438038, 0.0000E+00, 9.6000E-01, 2.6667E-01,
18:55:44.71438043, 2.6667E-02, 9.8667E-01, 2.6667E-01,
18:55:44.71438048, 1.3333E-02, 1.0000E+00, 4.0000E-01,
18:55:44.71438053, 0.0000E+00, 1.0267E+00, 1.3333E-01,
18:55:44.71438058, 1.3333E-02, 1.0133E+00, 1.3333E-01,
18:55:44.71438063,-1.3333E-02, 1.0133E+00, 0.0000E+00,
18:55:44.71438068, 0.0000E+00, 9.8667E-01, 1.3333E-01,
18:55:44.71438073, 0.0000E+00, 9.8667E-01, 2.6667E-01,
18:55:44.71438078, 1.3333E-02, 9.8667E-01,-1.3333E-01,
18:55:44.71438083, 1.3333E-02, 9.8667E-01, 2.6667E-01,
18:55:44.71438088, 0.0000E+00, 9.7333E-01,-1.3333E-01,
18:55:44.71438093, 0.0000E+00, 9.8667E-01, 1.3333E-01,
18:55:44.71438098, 2.6667E-02, 9.8667E-01, 1.3333E-01,
18:55:44.71438103, 1.3333E-02, 9.7333E-01, 0.0000E+00,
18:55:44.71438108, 1.3333E-02, 9.8667E-01, 1.3333E-01,
18:55:44.71438113, 0.0000E+00, 9.8667E-01,-1.3333E-01,
18:55:44.71438118, 2.6667E-02, 1.0000E+00, 4.0000E-01,
18:55:44.71438123, 1.3333E-02, 1.0000E+00, 0.0000E+00,
18:55:44.71438128, 1.3333E-02, 1.0000E+00, 0.0000E+00,
18:55:44.71438133, 4.0000E-02, 1.0000E+00,-2.6667E-01,
18:55:44.71438138, 4.0000E-02, 9.6000E-01, 0.0000E+00,
18:55:44.71438143, 4.0000E-02, 1.0133E+00,-2.6667E-01,
18:55:44.71438148, 0.0000E+00, 9.7333E-01, 1.3333E-01,
18:55:44.71438153, 1.3333E-02, 9.7333E-01, 4.0000E-01,
18:55:44.71438158, 0.0000E+00, 1.0000E+00, 1.3333E-01,
18:55:44.71438163, 1.3333E-02, 9.8667E-01,-1.3333E-01,
18:55:44.71438168, 1.3333E-02, 9.8667E-01, 2.6667E-01,
18:55:44.71438173, 5.3333E-02, 1.0133E+00, 2.6667E-01,
18:55:44.71438178,-1.3333E-02, 1.0267E+00, 2.6667E-01,
18:55:44.71438183, 1.3333E-02, 1.0000E+00, 0.0000E+00,
18:55:44.71438188, 0.0000E+00, 1.0000E+00, 1.3333E-01,
18:55:44.71438193,-1.3333E-02, 9.8667E-01, 0.0000E+00,
18:55:44.71438198, 1.3333E-02, 1.0133E+00, 1.3333E-01,
18:55:44.71438203, 1.3333E-02, 1.0000E+00, 1.3333E-01,
18:55:44.71438208,-1.3333E-02, 9.8667E-01, 1.3333E-01,
18:55:44.71438213,-1.3333E-02, 1.0267E+00, 2.6667E-01,
18:55:44.71438218,-1.3333E-02, 1.0133E+00, 1.3333E-01,
18:55:44.71438223, 1.3333E-02, 1.0133E+00, 0.0000E+00,
18:55:44.71438228, 8.0000E-02, 9.8667E-01, 4.0000E-01,
18:55:44.71438233, 5.8667E-01, 9.8667E-01, 1.3333E-01,
18:55:44.71438238, 1.4267E+00, 9.8667E-01,-1.3333E-01,
18:55:44.71438243, 2.2933E+00, 8.2667E-01, 5.3333E-01,
18:55:44.71438248, 2.7600E+00, 6.1333E-01, 0.0000E+00,
18:55:44.71438253, 3.0000E+00, 5.2000E-01, 1.3333E-01,
18:55:44.71438258, 3.1200E+00, 5.2000E-01, 0.0000E+00,
18:55:44.71438263, 3.1333E+00, 5.3333E-01, 4.0000E-01,
18:55:44.71438268, 3.1467E+00, 5.7333E-01, 4.0000E-01,
18:55:44.71438273, 3.1333E+00, 5.7333E-01, 4.0000E-01,
18:55:44.71438278, 3.1333E+00, 6.1333E-01, 2.6667E-01,
18:55:44.71438283, 3.0933E+00, 5.8667E-01, 2.6667E-01,
18:55:44.71438288, 3.1067E+00, 6.1333E-01, 4.0000E-01,
18:55:44.71438293, 3.1200E+00, 6.1333E-01, 5.3333E-01,
18:55:44.71438298, 3.1067E+00, 6.2667E-01, 6.6667E-01,
18:55:44.71438303, 3.1067E+00, 6.5333E-01, 6.6667E-01,
18:55:44.71438308, 3.0933E+00, 6.8000E-01, 8.0000E-01,
18:55:44.71438313, 3.0933E+00, 6.4000E-01, 1.0667E+00,
18:55:44.71438318, 3.0800E+00, 6.8000E-01, 6.6667E-01,
18:55:44.71438323, 3.1067E+00, 6.9333E-01, 6.6667E-01,
18:55:44.71438328, 3.1067E+00, 6.5333E-01, 8.0000E-01,
18:55:44.71438333, 3.0800E+00, 6.6667E-01, 9.3333E-01,
18:55:44.71438338, 3.0800E+00, 6.5333E-01, 9.3333E-01,
18:55:44.71438343, 3.0933E+00, 6.8000E-01, 1.3333E+00,
18:55:44.71438348, 3.0400E+00, 7.2000E-01, 1.0667E+00,
18:55:44.71438353, 3.0533E+00, 6.6667E-01, 1.2000E+00,
18:55:44.71438358, 3.0667E+00, 6.6667E-01, 1.7333E+00,
18:55:44.71438363, 3.0533E+00, 6.5333E-01, 1.3333E+00,
18:55:44.71438368, 3.0933E+00, 6.6667E-01, 1.6000E+00,
18:55:44.71438373, 3.0667E+00, 6.9333E-01, 1.7333E+00,
18:55:44.71438378, 3.0267E+00, 6.6667E-01, 1.2000E+00,
18:55:44.71438383, 3.0533E+00, 6.9333E-01, 1.6000E+00,
18:55:44.71438388, 3.0400E+00, 6.6667E-01, 1.7333E+00,
18:55:44.71438393, 3.0267E+00, 6.8000E-01, 1.6000E+00,
18:55:44.71438398, 2.9733E+00, 6.5333E-01, 2.0000E+00,
18:55:44.71438403, 3.0133E+00, 6.6667E-01, 1.8667E+00,
18:55:44.71438408, 3.0267E+00, 7.0667E-01, 2.0000E+00,
18:55:44.71438413, 3.0267E+00, 6.8000E-01, 2.0000E+00,
18:55:44.71438418, 3.0267E+00, 6.6667E-01, 2.0000E+00,
18:55:44.71438423, 3.0133E+00, 6.2667E-01, 2.0000E+00,
18:55:44.71438428, 3.0400E+00, 6.4000E-01, 1.8667E+00,
18:55:44.71438433, 3.0133E+00, 6.4000E-01, 2.0000E+00,
18:55:44.71438438, 3.0400E+00, 6.6667E-01, 2.0000E+00,
18:55:44.71438443, 3.0133E+00, 6.4000E-01, 2.4000E+00,
18:55:44.71438448, 3.0133E+00, 6.5333E-01, 2.1333E+00,
18:55:44.71438453, 2.9867E+00, 6.2667E-01, 2.4000E+00,
18:55:44.71438458, 2.9867E+00, 6.2667E-01, 2.1333E+00,
18:55:44.71438463, 2.9867E+00, 6.4000E-01, 2.5333E+00,
18:55:44.71438468, 3.0000E+00, 6.2667E-01, 2.4000E+00,
18:55:44.71438473, 2.9867E+00, 6.1333E-01, 2.5333E+00,
18:55:44.71438478, 3.0267E+00, 6.1333E-01, 2.8000E+00,
18:55:44.71438483, 3.0133E+00, 6.1333E-01, 2.5333E+00,
18:55:44.71438488, 2.9467E+00, 6.1333E-01, 2.9333E+00,
18:55:44.71438493, 2.9867E+00, 5.8667E-01, 2.9333E+00,
18:55:44.71438498, 2.9600E+00, 6.1333E-01, 2.8000E+00,
18:55:44.71438503, 2.9867E+00, 6.1333E-01, 3.0667E+00,
18:55:44.71438508, 2.9600E+00, 6.1333E-01, 3.3333E+00,
18:55:44.71438513, 2.9867E+00, 6.2667E-01, 3.2000E+00,
18:55:44.71438518, 2.9600E+00, 6.1333E-01, 3.0667E+00,
18:55:44.71438523, 2.9867E+00, 6.1333E-01, 3.0667E+00,
18:55:44.71438528, 2.9467E+00, 6.1333E-01, 3.4667E+00,
18:55:44.71438533, 2.9867E+00, 5.8667E-01, 3.3333E+00,
18:55:44.71438538, 2.9733E+00, 6.1333E-01, 3.6000E+00,
18:55:44.71438543, 2.9867E+00, 5.8667E-01, 3.4667E+00,
18:55:44.71438548, 2.9467E+00, 5.6000E-01, 3.4667E+00,
18:55:44.71438553, 2.9600E+00, 6.1333E-01, 3.6000E+00,
18:55:44.71438558, 2.9333E+00, 5.8667E-01, 4.0000E+00,
18:55:44.71438563, 2.9733E+00, 6.0000E-01, 3.6000E+00,
18:55:44.71438568, 2.9733E+00, 5.6000E-01, 3.7333E+00,
18:55:44.71438573, 2.9733E+00, 5.7333E-01, 3.7333E+00,
18:55:44.71438578, 2.9733E+00, 5.8667E-01, 4.2667E+00,
18:55:44.71438583, 3.0267E+00, 5.6000E-01, 4.4000E+00,
18:55:44.71438588, 2.9600E+00, 5.7333E-01, 4.1333E+00,
18:55:44.71438593, 2.9600E+00, 5.4667E-01, 4.4000E+00,
18:55:44.71438598, 2.9867E+00, 5.7333E-01, 4.2667E+00,
18:55:44.71438603, 2.9867E+00, 5.4667E-01, 4.1333E+00,
18:55:44.71438608, 2.9733E+00, 5.6000E-01, 4.5333E+00,
18:55:44.71438613, 2.9867E+00, 5.6000E-01, 4.6667E+00,
18:55:44.71438618, 2.9867E+00, 5.7333E-01, 4.6667E+00,
18:55:44.71438623, 3.0133E+00, 5.6000E-01, 4.8000E+00,
18:55:44.71438628, 2.9600E+00, 5.3333E-01, 4.6667E+00,
18:55:44.71438633, 2.9600E+00, 5.3333E-01, 4.8000E+00,
18:55:44.71438638, 3.0267E+00, 5.6000E-01, 4.6667E+00,
18:55:44.71438643, 2.9600E+00, 5.7333E-01, 4.9333E+00,
18:55:44.71438648, 2.9733E+00, 5.3333E-01, 5.2000E+00,
18:55:44.71438653, 2.9600E+00, 5.4667E-01, 5.4667E+00,
18:55:44.71438658, 2.9733E+00, 5.2000E-01, 5.6000E+00,
18:55:44.71438663, 3.0133E+00, 5.3333E-01, 5.3333E+00,
18:55:44.71438668, 2.9733E+00, 5.2000E-01, 5.2000E+00,
18:55:44.71438673, 2.9467E+00, 5.3333E-01, 5.4667E+00,
18:55:44.71438678, 2.9733E+00, 5.2000E-01, 5.3333E+00,
18:55:44.71438683, 2.9333E+00, 5.3333E-01, 5.8667E+00,
18:55:44.71438688, 2.9733E+00, 5.2000E-01, 6.1333E+00,
18:55:44.71438693, 2.9600E+00, 5.6000E-01, 5.7333E+00,
18:55:44.71438698, 3.0000E+00, 5.3333E-01, 6.0000E+00,
18:55:44.71438703, 2.9733E+00, 5.3333E-01, 6.1333E+00,
18:55:44.71438708, 2.9867E+00, 5.6000E-01, 6.0000E+00,
18:55:44.71438713, 3.0000E+00, 5.4667E-01, 6.2667E+00,
18:55:44.71438718, 3.0000E+00, 5.3333E-01, 6.1333E+00,
18:55:44.71438723, 2.9333E+00, 5.2000E-01, 6.1333E+00,
18:55:44.71438728, 2.9867E+00, 5.2000E-01, 6.2667E+00,
18:55:44.71438733, 2.9600E+00, 5.3333E-01, 6.2667E+00,
18:55:44.71438738, 2.9733E+00, 5.3333E-01, 6.6667E+00,
18:55:44.71438743, 2.9733E+00, 4.9333E-01, 6.6667E+00,
18:55:44.71438748, 2.9733E+00, 4.9333E-01, 7.0667E+00,
18:55:44.71438753, 2.9600E+00, 5.0667E-01, 7.2000E+00,
18:55:44.71438758, 2.9867E+00, 4.8000E-01, 6.9333E+00,
18:55:44.71438763, 2.9867E+00, 5.2000E-01, 7.4667E+00,
18:55:44.71438768, 2.9867E+00, 5.4667E-01, 7.0667E+00,
18:55:44.71438773, 2.9600E+00, 5.0667E-01, 6.6667E+00,
18:55:44.71438778, 2.9600E+00, 4.9333E-01, 7.0667E+00,
18:55:44.71438783, 2.9733E+00, 5.3333E-01, 7.3333E+00,
18:55:44.71438788, 2.9600E+00, 5.3333E-01, 7.4667E+00,
18:55:44.71438793, 2.9867E+00, 5.3333E-01, 7.6000E+00,
18:55:44.71438798, 2.9867E+00, 5.3333E-01, 7.4667E+00,
18:55:44.71438803, 2.9867E+00, 5.0667E-01, 7.3333E+00,
18:55:44.71438808, 2.9733E+00, 5.0667E-01, 7.4667E+00,
18:55:44.71438813, 3.0000E+00, 5.2000E-01, 7.6000E+00,
18:55:44.71438818, 2.9867E+00, 5.0667E-01, 7.6000E+00,
18:55:44.71438823, 3.0000E+00, 5.2000E-01, 7.8667E+00,
18:55:44.71438828, 2.9600E+00, 5.0667E-01, 8.0000E+00,
18:55:44.71438833, 3.0000E+00, 5.3333E-01, 8.0000E+00,
18:55:44.71438838, 2.9733E+00, 5.4667E-01, 8.1333E+00,
18:55:44.71438843, 3.0267E+00, 5.2000E-01, 8.4000E+00,
18:55:44.71438848, 3.0000E+00, 5.4667E-01, 8.4000E+00,
18:55:44.71438853, 2.9867E+00, 5.3333E-01, 8.2667E+00,
18:55:44.71438858, 2.9867E+00, 5.0667E-01, 8.2667E+00,
18:55:44.71438863, 2.9733E+00, 5.3333E-01, 8.5333E+00,
18:55:44.71438868, 2.9733E+00, 4.8000E-01, 8.6667E+00,
18:55:44.71438873, 3.0000E+00, 5.2000E-01, 8.5333E+00,
18:55:44.71438878, 2.9867E+00, 5.2000E-01, 8.8000E+00,
18:55:44.71438883, 3.0000E+00, 5.0667E-01, 8.9333E+00,
18:55:44.71438888, 3.0000E+00, 4.9333E-01, 8.9333E+00,
18:55:44.71438893, 2.9867E+00, 5.2000E-01, 9.2000E+00,
18:55:44.71438898, 3.0133E+00, 5.4667E-01, 9.0667E+00,
18:55:44.71438903, 3.0000E+00, 4.8000E-01, 9.3333E+00,
18:55:44.71438908, 2.9867E+00, 4.8000E-01, 9.0667E+00,
18:55:44.71438913, 2.9867E+00, 5.0667E-01, 9.0667E+00,
18:55:44.71438918, 3.0000E+00, 5.2000E-01, 9.6000E+00,
18:55:44.71438923, 2.9867E+00, 5.2000E-01, 9.4667E+00,
18:55:44.71438928, 2.9733E+00, 5.0667E-01, 9.7333E+00,
18:55:44.71438933, 3.0133E+00, 5.2000E-01, 9.6000E+00,
18:55:44.71438938, 2.9733E+00, 5.2000E-01, 9.6000E+00,
18:55:44.71438943, 3.0000E+00, 4.9333E-01, 9.6000E+00,
18:55:44.71438948, 2.9867E+00, 5.2000E-01, 1.0000E+01,
18:55:44.71438953, 3.0267E+00, 5.0667E-01, 9.7333E+00,
18:55:44.71438958, 3.0133E+00, 5.0667E-01, 9.7333E+00,
18:55:44.71438963, 3.0133E+00, 5.3333E-01, 9.7333E+00,
18:55:44.71438968, 2.9733E+00, 5.2000E-01, 1.0133E+01,
18:55:44.71438973, 3.0000E+00, 5.0667E-01, 1.0400E+01,
18:55:44.71438978, 3.0133E+00, 5.4667E-01, 1.0267E+01,
18:55:44.71438983, 2.9867E+00, 5.2000E-01, 1.0400E+01,
18:55:44.71438988, 2.9867E+00, 5.3333E-01, 1.0533E+01,
18:55:44.71438993, 2.9867E+00, 4.9333E-01, 1.0533E+01,
18:55:44.71438998, 3.0133E+00, 5.3333E-01, 1.0800E+01,
18:55:44.71439003, 3.0267E+00, 5.4667E-01, 1.0533E+01,
18:55:44.71439008, 3.0267E+00, 5.4667E-01, 1.0800E+01,
18:55:44.71439013, 2.9867E+00, 5.4667E-01, 1.0533E+01,
18:55:44.71439018, 2.9867E+00, 5.6000E-01, 1.0800E+01,
18:55:44.71439023, 2.9867E+00, 5.6000E-01, 1.0933E+01,
18:55:44.71439028, 2.9733E+00, 5.3333E-01, 1.1333E+01,
18:55:44.71439033, 2.9867E+00, 5.6000E-01, 1.1333E+01,
18:55:44.71439038, 2.9867E+00, 5.4667E-01, 1.1200E+01,
18:55:44.71439043, 2.9867E+00, 5.4667E-01, 1.1467E+01,
18:55:44.71439048, 3.0000E+00, 5.6000E-01, 1.1467E+01,
18:55:44.71439053, 3.0000E+00, 5.6000E-01, 1.1467E+01,
18:55:44.71439058, 3.0000E+00, 5.3333E-01, 1.1467E+01,
18:55:44.71439063, 2.9733E+00, 5.6000E-01, 1.1600E+01,
18:55:44.71439068, 2.9733E+00, 5.7333E-01, 1.1600E+01,
18:55:44.71439073, 2.9733E+00, 5.7333E-01, 1.2000E+01,
18:55:44.71439078, 3.0133E+00, 5.7333E-01, 1.2000E+01,
18:55:44.71439083, 2.9867E+00, 5.3333E-01, 1.2000E+01,
18:55:44.71439088, 3.0000E+00, 5.6000E-01, 1.2133E+01,
18:55:44.71439093, 3.0000E+00, 5.7333E-01, 1.2267E+01,
18:55:44.71439098, 3.0133E+00, 5.6000E-01, 1.2000E+01,
18:55:44.71439103, 3.0000E+00, 5.3333E-01, 1.1867E+01,
18:55:44.71439108, 2.9733E+00, 5.6000E-01, 1.2267E+01,
18:55:44.71439113, 3.0000E+00, 5.6000E-01, 1.2400E+01,
18:55:44.71439118, 3.0133E+00, 5.8667E-01, 1.2267E+01,
18:55:44.71439123, 3.0000E+00, 5.6000E-01, 1.2533E+01,
18:55:44.71439128, 2.9867E+00, 5.8667E-01, 1.2533E+01,
18:55:44.71439133, 3.0000E+00, 5.8667E-01, 1.2800E+01,
18:55:44.71439138, 2.9867E+00, 5.4667E-01, 1.3067E+01,
18:55:44.71439143, 3.0267E+00, 5.8667E-01, 1.2667E+01,
18:55:44.71439148, 3.0000E+00, 5.8667E-01, 1.2800E+01,
18:55:44.71439153, 3.0133E+00, 6.0000E-01, 1.3067E+01,
18:55:44.71439158, 3.0133E+00, 6.0000E-01, 1.2933E+01,
18:55:44.71439163, 3.0133E+00, 6.0000E-01, 1.2667E+01,
18:55:44.71439168, 2.9867E+00, 5.8667E-01, 1.2800E+01,
18:55:44.71439173, 2.9867E+00, 6.0000E-01, 1.2933E+01,
18:55:44.71439178, 2.9733E+00, 5.8667E-01, 1.3067E+01,
18:55:44.71439183, 3.0267E+00, 5.7333E-01, 1.3333E+01,
18:55:44.71439188, 3.0000E+00, 5.7333E-01, 1.3333E+01,
18:55:44.71439193, 3.0267E+00, 5.8667E-01, 1.3600E+01,
18:55:44.71439198, 3.0000E+00, 6.1333E-01, 1.3333E+01,
18:55:44.71439203, 3.0000E+00, 6.1333E-01, 1.3467E+01,
18:55:44.71439208, 3.0000E+00, 6.0000E-01, 1.3467E+01,
18:55:44.71439213, 2.9867E+00, 6.0000E-01, 1.3733E+01,
18:55:44.71439218, 3.0267E+00, 6.0000E-01, 1.3867E+01,
18:55:44.71439223, 2.9867E+00, 6.1333E-01, 1.3733E+01,
18:55:44.71439228, 3.0000E+00, 6.1333E-01, 1.3867E+01,
18:55:44.71439233, 3.0000E+00, 5.8667E-01, 1.3867E+01,
18:55:44.71439238, 2.9867E+00, 6.1333E-01, 1.4133E+01,
18:55:44.71439243, 3.0133E+00, 6.0000E-01, 1.4133E+01,
18:55:44.71439248, 3.0267E+00, 6.4000E-01, 1.4133E+01,
18:55:44.71439253, 3.0000E+00, 6.1333E-01, 1.4400E+01,
18:55:44.71439258, 2.9867E+00, 6.2667E-01, 1.4000E+01,
18:55:44.71439263, 3.0000E+00, 6.2667E-01, 1.4267E+01,
18:55:44.71439268, 2.9867E+00, 6.4000E-01, 1.4400E+01,
18:55:44.71439273, 3.0000E+00, 6.4000E-01, 1.4400E+01,
18:55:44.71439278, 3.0000E+00, 6.1333E-01, 1.4400E+01,
18:55:44.71439283, 2.9867E+00, 6.2667E-01, 1.4400E+01,
18:55:44.71439288, 3.0267E+00, 6.4000E-01, 1.4400E+01,
18:55:44.71439293, 3.0267E+00, 6.4000E-01, 1.4533E+01,
18:55:44.71439298, 3.0267E+00, 6.2667E-01, 1.4400E+01,
18:55:44.71439303, 3.0400E+00, 6.5333E-01, 1.4667E+01,
18:55:44.71439308, 2.9867E+00, 6.6667E-01, 1.4800E+01,
18:55:44.71439313, 3.0000E+00, 6.2667E-01, 1.4667E+01,
18:55:44.71439318, 3.0000E+00, 6.2667E-01, 1.5067E+01,
18:55:44.71439323, 2.9867E+00, 6.5333E-01, 1.4400E+01,
18:55:44.71439328, 3.0133E+00, 6.5333E-01, 1.5067E+01,
18:55:44.71439333, 3.0133E+00, 6.4000E-01, 1.5067E+01,
18:55:44.71439338, 2.9733E+00, 6.6667E-01, 1.5067E+01,
18:55:44.71439343, 3.0133E+00, 6.4000E-01, 1.4667E+01,
18:55:44.71439348, 3.0133E+00, 6.9333E-01, 1.4933E+01,
18:55:44.71439353, 2.9733E+00, 6.9333E-01, 1.5200E+01,
18:55:44.71439358, 2.9867E+00, 6.6667E-01, 1.5067E+01,
18:55:44.71439363, 2.9867E+00, 6.6667E-01, 1.5333E+01,
18:55:44.71439368, 3.0133E+00, 6.6667E-01, 1.5333E+01,
18:55:44.71439373, 3.0133E+00, 6.6667E-01, 1.5467E+01,
18:55:44.71439378, 3.0267E+00, 6.8000E-01, 1.5333E+01,
18:55:44.71439383, 3.0133E+00, 6.6667E-01, 1.5333E+01,
18:55:44.71439388, 3.0267E+00, 6.6667E-01, 1.5600E+01,
18:55:44.71439393, 3.0267E+00, 6.5333E-01, 1.5600E+01,
18:55:44.71439398, 3.0133E+00, 6.9333E-01, 1.5733E+01,
18:55:44.71439403, 2.9867E+00, 6.9333E-01, 1.5467E+01,
18:55:44.71439408, 3.0133E+00, 7.2000E-01, 1.6000E+01,
18:55:44.71439413, 3.0133E+00, 6.9333E-01, 1.5733E+01,
18:55:44.71439418, 3.0133E+00, 6.8000E-01, 1.5600E+01,
18:55:44.71439423, 3.0267E+00, 6.8000E-01, 1.5733E+01,
18:55:44.71439428, 3.0267E+00, 7.2000E-01, 1.5733E+01,
18:55:44.71439433, 3.0133E+00, 7.3333E-01, 1.5867E+01,
18:55:44.71439438, 3.0267E+00, 7.4667E-01, 1.6133E+01,
18:55:44.71439443, 3.0133E+00, 7.3333E-01, 1.5733E+01,
18:55:44.71439448, 3.0133E+00, 7.3333E-01, 1.5733E+01,
18:55:44.71439453, 2.9733E+00, 7.3333E-01, 1.5733E+01,
18:55:44.71439458, 3.0000E+00, 7.3333E-01, 1.6133E+01,
18:55:44.71439463, 3.0000E+00, 7.3333E-01, 1.6267E+01,
18:55:44.71439468, 3.0133E+00, 7.3333E-01, 1.6133E+01,
18:55:44.71439473, 3.0000E+00, 7.4667E-01, 1.6267E+01,
18:55:44.71439478, 3.0000E+00, 7.2000E-01, 1.6533E+01,
18:55:44.71439483, 3.0267E+00, 7.4667E-01, 1.6400E+01,
18:55:44.71439488, 3.0267E+00, 7.4667E-01, 1.6267E+01,
18:55:44.71439493, 3.0267E+00, 7.4667E-01, 1.6267E+01,
18:55:44.71439498, 3.0000E+00, 7.4667E-01, 1.6267E+01,
18:55:44.71439503, 3.0133E+00, 7.4667E-01, 1.6267E+01,
18:55:44.71439508, 3.0133E+00, 7.4667E-01, 1.6533E+01,
18:55:44.71439513, 3.0000E+00, 7.4667E-01, 1.6533E+01,
18:55:44.71439518, 2.9733E+00, 7.6000E-01, 1.6400E+01,
18:55:44.71439523, 3.0400E+00, 7.4667E-01, 1.6533E+01,
18:55:44.71439528, 3.0133E+00, 7.6000E-01, 1.6800E+01,
18:55:44.71439533, 3.0000E+00, 7.4667E-01, 1.6533E+01,
18:55:44.71439538, 3.0000E+00, 7.8667E-01, 1.6533E+01,
18:55:44.71439543, 3.0133E+00, 7.8667E-01, 1.6267E+01,
18:55:44.71439548, 2.9600E+00, 7.6000E-01, 1.6800E+01,
18:55:44.71439553, 2.9600E+00, 7.7333E-01, 1.6800E+01,
18:55:44.71439558, 3.0267E+00, 7.4667E-01, 1.7067E+01,
18:55:44.71439563, 3.0133E+00, 7.8667E-01, 1.6667E+01,
18:55:44.71439568, 3.0000E+00, 8.1333E-01, 1.6800E+01,
18:55:44.71439573, 3.0267E+00, 8.0000E-01, 1.6933E+01,
18:55:44.71439578, 3.0133E+00, 8.0000E-01, 1.7067E+01,
18:55:44.71439583, 3.0133E+00, 7.8667E-01, 1.6800E+01,
18:55:44.71439588, 3.0267E+00, 7.8667E-01, 1.6533E+01,
18:55:44.71439593, 3.0267E+00, 7.6000E-01, 1.6933E+01,
18:55:44.71439598, 3.0133E+00, 8.0000E-01, 1.6800E+01,
18:55:44.71439603, 3.0133E+00, 8.0000E-01, 1.6667E+01,
18:55:44.71439608, 3.0267E+00, 7.8667E-01, 1.6933E+01,
18:55:44.71439613, 3.0133E+00, 7.8667E-01, 1.6933E+01,
18:55:44.71439618, 3.0267E+00, 8.1333E-01, 1.7067E+01,
18:55:44.71439623, 3.0267E+00, 8.0000E-01, 1.7067E+01,
18:55:44.71439628, 3.0400E+00, 8.0000E-01, 1.6933E+01,
18:55:44.71439633, 3.0000E+00, 8.4000E-01, 1.7067E+01,
18:55:44.71439638, 3.0267E+00, 8.5333E-01, 1.7333E+01,
18:55:44.71439643, 2.9867E+00, 8.2667E-01, 1.7333E+01,
18:55:44.71439648, 3.0000E+00, 8.2667E-01, 1.7067E+01,
18:55:44.71439653, 3.0133E+00, 8.2667E-01, 1.7200E+01,
18:55:44.71439658, 3.0000E+00, 8.1333E-01, 1.7200E+01,
18:55:44.71439663, 3.0267E+00, 8.2667E-01, 1.7067E+01,
18:55:44.71439668, 3.0267E+00, 8.2667E-01, 1.6933E+01,
18:55:44.71439673, 3.0267E+00, 8.1333E-01, 1.7067E+01,
18:55:44.71439678, 3.0267E+00, 8.2667E-01, 1.7467E+01,
18:55:44.71439683, 3.0000E+00, 8.4000E-01, 1.7067E+01,
18:55:44.71439688, 3.0267E+00, 8.5333E-01, 1.7067E+01,
18:55:44.71439693, 3.0000E+00, 8.5333E-01, 1.7333E+01,
18:55:44.71439698, 3.0267E+00, 8.2667E-01, 1.7333E+01,
18:55:44.71439703, 3.0000E+00, 8.4000E-01, 1.7600E+01,
18:55:44.71439708, 3.0000E+00, 8.6667E-01, 1.7067E+01,
18:55:44.71439713, 3.0000E+00, 8.8000E-01, 1.7200E+01,
18:55:44.71439718, 3.0133E+00, 8.5333E-01, 1.7067E+01,
18:55:44.71439723, 3.0267E+00, 8.6667E-01, 1.7333E+01,
18:55:44.71439728, 3.0000E+00, 9.0667E-01, 1.7200E+01,
18:55:44.71439733, 3.0133E+00, 8.9333E-01, 1.7467E+01,
18:55:44.71439738, 2.9867E+00, 8.9333E-01, 1.7467E+01,
18:55:44.71439743, 3.0400E+00, 8.8000E-01, 1.7200E+01,
18:55:44.71439748, 3.0267E+00, 8.9333E-01, 1.7733E+01,
18:55:44.71439753, 3.0267E+00, 8.9333E-01, 1.7600E+01,
18:55:44.71439758, 3.0133E+00, 8.9333E-01, 1.7333E+01,
18:55:44.71439763, 3.0267E+00, 8.9333E-01, 1.7600E+01,
18:55:44.71439768, 3.0267E+00, 8.9333E-01, 1.7467E+01,
18:55:44.71439773, 3.0133E+00, 9.0667E-01, 1.7333E+01,
18:55:44.71439778, 3.0267E+00, 8.6667E-01, 1.7067E+01,
18:55:44.71439783, 3.0267E+00, 8.9333E-01, 1.7467E+01,
18:55:44.71439788, 2.9733E+00, 9.2000E-01, 1.7067E+01,
18:55:44.71439793, 3.0133E+00, 8.9333E-01, 1.7200E+01,
18:55:44.71439798, 3.0133E+00, 9.0667E-01, 1.7333E+01,
18:55:44.71439803, 3.0267E+00, 8.9333E-01, 1.7200E+01,
18:55:44.71439808, 3.0133E+00, 8.9333E-01, 1.7333E+01,
18:55:44.71439813, 3.0133E+00, 9.2000E-01, 1.7600E+01,
18:55:44.71439818, 3.0267E+00, 9.4667E-01, 1.7067E+01,
18:55:44.71439823, 3.0000E+00, 9.3333E-01, 1.7600E+01,
18:55:44.71439828, 3.0133E+00, 9.2000E-01, 1.7333E+01,
18:55:44.71439833, 2.9867E+00, 9.3333E-01, 1.7333E+01,
18:55:44.71439838, 2.9733E+00, 9.0667E-01, 1.7467E+01,
18:55:44.71439843, 3.0400E+00, 8.9333E-01, 1.7200E+01,
18:55:44.71439848, 3.0267E+00, 9.3333E-01, 1.7467E+01,
18:55:44.71439853, 3.0000E+00, 9.0667E-01, 1.7200E+01,
18:55:44.71439858, 3.0133E+00, 9.4667E-01, 1.7733E+01,
18:55:44.71439863, 3.0267E+00, 9.4667E-01, 1.7600E+01,
18:55:44.71439868, 3.0267E+00, 9.3333E-01, 1.7600E+01,
18:55:44.71439873, 3.0133E+00, 9.6000E-01, 1.7733E+01,
18:55:44.71439878, 3.0133E+00, 9.4667E-01, 1.7200E+01,
18:55:44.71439883, 3.0000E+00, 9.7333E-01, 1.7067E+01,
18:55:44.71439888, 3.0267E+00, 9.6000E-01, 1.7733E+01,
18:55:44.71439893, 3.0267E+00, 9.6000E-01, 1.7333E+01,
18:55:44.71439898, 3.0400E+00, 9.6000E-01, 1.7467E+01,
18:55:44.71439903, 3.0267E+00, 9.4667E-01, 1.7067E+01,
18:55:44.71439908, 3.0267E+00, 9.4667E-01, 1.7333E+01,
18:55:44.71439913, 3.0400E+00, 9.7333E-01, 1.7600E+01,
18:55:44.71439918, 3.0133E+00, 9.3333E-01, 1.7467E+01,
18:55:44.71439923, 3.0267E+00, 9.7333E-01, 1.7200E+01,
18:55:44.71439928, 3.0000E+00, 9.8667E-01, 1.7467E+01,
18:55:44.71439933, 3.0267E+00, 9.6000E-01, 1.6933E+01,
18:55:44.71439938, 3.0133E+00, 9.7333E-01, 1.7067E+01,
18:55:44.71439943, 3.0000E+00, 9.7333E-01, 1.7333E+01,
18:55:44.71439948, 3.0267E+00, 1.0000E+00, 1.7600E+01,
18:55:44.71439953, 3.0267E+00, 9.8667E-01, 1.7200E+01,
18:55:44.71439958, 3.0400E+00, 9.7333E-01, 1.7467E+01,
18:55:44.71439963, 3.0267E+00, 9.8667E-01, 1.7467E+01,
18:55:44.71439968, 3.0133E+00, 1.0133E+00, 1.7333E+01,
18:55:44.71439973, 3.0000E+00, 9.8667E-01, 1.7200E+01,
18:55:44.71439978, 3.0133E+00, 1.0133E+00, 1.7200E+01,
18:55:44.71439983, 3.0133E+00, 1.0000E+00, 1.6933E+01,
18:55:44.71439988, 2.9733E+00, 9.8667E-01, 1.6933E+01,
18:55:44.71439993, 3.0267E+00, 9.7333E-01, 1.7333E+01,
18:55:44.71439998, 3.0000E+00, 1.0267E+00, 1.7067E+01,
18:55:44.71440003, 3.0267E+00, 1.0133E+00, 1.7200E+01,
18:55:44.71440008, 3.0133E+00, 1.0267E+00, 1.7200E+01,
18:55:44.71440013, 3.0267E+00, 1.0267E+00, 1.7200E+01,
18:55:44.71440018, 3.0267E+00, 1.0267E+00, 1.7200E+01,
18:55:44.71440023, 3.0000E+00, 1.0267E+00, 1.7333E+01,
18:55:44.71440028, 3.0000E+00, 1.0000E+00, 1.7067E+01,
18:55:44.71440033, 2.9867E+00, 1.0267E+00, 1.7333E+01,
18:55:44.71440038, 3.0000E+00, 1.0133E+00, 1.7467E+01,
18:55:44.71440043, 3.0267E+00, 1.0267E+00, 1.7067E+01,
18:55:44.71440048, 3.0267E+00, 1.0267E+00, 1.7067E+01,
18:55:44.71440053, 3.0267E+00, 1.0400E+00, 1.6933E+01,
18:55:44.71440058, 3.0267E+00, 1.0267E+00, 1.7067E+01,
18:55:44.71440063, 3.0267E+00, 1.0400E+00, 1.7067E+01,
18:55:44.71440068, 3.0400E+00, 1.0267E+00, 1.7067E+01,
18:55:44.71440073, 3.0133E+00, 1.0133E+00, 1.6800E+01,
18:55:44.71440078, 2.9867E+00, 1.0267E+00, 1.7067E+01,
18:55:44.71440083, 3.0000E+00, 1.0533E+00, 1.6933E+01,
18:55:44.71440088, 3.0400E+00, 1.0400E+00, 1.7067E+01,
18:55:44.71440093, 3.0133E+00, 1.0267E+00, 1.6933E+01,
18:55:44.71440098, 2.9867E+00, 1.0133E+00, 1.7067E+01,
18:55:44.71440103, 3.0267E+00, 1.0667E+00, 1.7067E+01,
18:55:44.71440108, 3.0267E+00, 1.0667E+00, 1.6933E+01,
18:55:44.71440113, 3.0133E+00, 1.0800E+00, 1.7067E+01,
18:55:44.71440118, 3.0000E+00, 1.0533E+00, 1.6667E+01,
18:55:44.71440123, 3.0267E+00, 1.0533E+00, 1.6933E+01,
18:55:44.71440128, 3.0267E+00, 1.0267E+00, 1.6667E+01,
18:55:44.71440133, 3.0267E+00, 1.0533E+00, 1.6800E+01,
18:55:44.71440138, 3.0000E+00, 1.0667E+00, 1.6533E+01,
18:55:44.71440143, 3.0267E+00, 1.0667E+00, 1.6933E+01,
18:55:44.71440148, 3.0267E+00, 1.0400E+00, 1.6800E+01,
18:55:44.71440153, 3.0267E+00, 1.0800E+00, 1.6800E+01,
18:55:44.71440158, 3.0000E+00, 1.1067E+00, 1.6667E+01,
18:55:44.71440163, 3.0000E+00, 1.0800E+00, 1.6667E+01,
18:55:44.71440168, 2.9867E+00, 1.0667E+00, 1.6933E+01,
18:55:44.71440173, 3.0267E+00, 1.0533E+00, 1.6800E+01,
18:55:44.71440178, 3.0267E+00, 1.0667E+00, 1.6667E+01,
18:55:44.71440183, 3.0267E+00, 1.0533E+00, 1.6400E+01,
18:55:44.71440188, 3.0267E+00, 1.0800E+00, 1.6133E+01,
18:55:44.71440193, 3.0400E+00, 1.0667E+00, 1.6667E+01,
18:55:44.71440198, 3.0133E+00, 1.0933E+00, 1.6800E+01,
18:55:44.71440203, 3.0267E+00, 1.0933E+00, 1.6400E+01,
18:55:44.71440208, 3.0000E+00, 1.0667E+00, 1.6667E+01,
18:55:44.71440213, 3.0267E+00, 1.0933E+00, 1.6267E+01,
18:55:44.71440218, 3.0000E+00, 1.1067E+00, 1.6667E+01,
18:55:44.71440223, 2.9733E+00, 1.1067E+00, 1.6400E+01,
18:55:44.71440228, 2.9867E+00, 1.0933E+00, 1.6267E+01,
18:55:44.71440233, 3.0267E+00, 1.1067E+00, 1.6267E+01,
18:55:44.71440238, 3.0267E+00, 1.0933E+00, 1.6267E+01,
18:55:44.71440243, 3.0267E+00, 1.1067E+00, 1.6000E+01,
18:55:44.71440248, 3.0267E+00, 1.0933E+00, 1.6533E+01,
18:55:44.71440253, 3.0133E+00, 1.1200E+00, 1.5867E+01,
18:55:44.71440258, 3.0267E+00, 1.0667E+00, 1.5733E+01,
18:55:44.71440263, 3.0133E+00, 1.0933E+00, 1.6400E+01,
18:55:44.71440268, 3.0267E+00, 1.0933E+00, 1.6267E+01,
18:55:44.71440273, 2.9867E+00, 1.1067E+00, 1.6000E+01,
18:55:44.71440278, 2.9467E+00, 1.1333E+00, 1.5733E+01,
18:55:44.71440283, 2.9867E+00, 1.1067E+00, 1.5867E+01,
18:55:44.71440288, 3.0000E+00, 1.0933E+00, 1.5733E+01,
18:55:44.71440293, 3.0267E+00, 1.1333E+00, 1.5733E+01,
18:55:44.71440298, 3.0133E+00, 1.1333E+00, 1.5867E+01,
18:55:44.71440303, 3.0133E+00, 1.1200E+00, 1.5733E+01,
18:55:44.71440308, 3.0000E+00, 1.0800E+00, 1.5733E+01,
18:55:44.71440313, 2.9867E+00, 1.1067E+00, 1.5733E+01,
18:55:44.71440318, 3.0133E+00, 1.1200E+00, 1.5467E+01,
18:55:44.71440323, 3.0267E+00, 1.1200E+00, 1.5733E+01,
18:55:44.71440328, 2.9867E+00, 1.1200E+00, 1.5733E+01,
18:55:44.71440333, 3.0267E+00, 1.1333E+00, 1.5733E+01,
18:55:44.71440338, 3.0267E+00, 1.1200E+00, 1.5733E+01,
18:55:44.71440343, 3.0400E+00, 1.1467E+00, 1.5733E+01,
18:55:44.71440348, 3.0267E+00, 1.1200E+00, 1.5867E+01,
18:55:44.71440353, 3.0133E+00, 1.1467E+00, 1.5600E+01,
18:55:44.71440358, 3.0000E+00, 1.1333E+00, 1.5733E+01,
18:55:44.71440363, 3.0133E+00, 1.1467E+00, 1.5600E+01,
18:55:44.71440368, 2.9733E+00, 1.1200E+00, 1.5467E+01,
18:55:44.71440373, 3.0267E+00, 1.1200E+00, 1.5333E+01,
18:55:44.71440378, 3.0267E+00, 1.1333E+00, 1.5333E+01,
18:55:44.71440383, 2.9867E+00, 1.1467E+00, 1.5333E+01,
18:55:44.71440388, 3.0133E+00, 1.1067E+00, 1.4933E+01,
18:55:44.71440393, 3.0267E+00, 1.1333E+00, 1.5467E+01,
18:55:44.71440398, 3.0267E+00, 1.1600E+00, 1.5200E+01,
18:55:44.71440403, 3.0267E+00, 1.1333E+00, 1.5467E+01,
18:55:44.71440408, 3.0133E+00, 1.1333E+00, 1.5467E+01,
18:55:44.71440413, 3.0133E+00, 1.1333E+00, 1.5200E+01,
18:55:44.71440418, 2.9867E+00, 1.1467E+00, 1.4933E+01,
18:55:44.71440423, 3.0267E+00, 1.1600E+00, 1.4933E+01,
18:55:44.71440428, 3.0133E+00, 1.1333E+00, 1.4933E+01,
18:55:44.71440433, 3.0133E+00, 1.1467E+00, 1.5467E+01,
18:55:44.71440438, 3.0133E+00, 1.1333E+00, 1.4933E+01,
18:55:44.71440443, 2.9867E+00, 1.1600E+00, 1.5067E+01,
18:55:44.71440448, 3.0267E+00, 1.1200E+00, 1.4933E+01,
18:55:44.71440453, 3.0133E+00, 1.1467E+00, 1.4800E+01,
18:55:44.71440458, 3.0133E+00, 1.1467E+00, 1.5067E+01,
18:55:44.71440463, 2.9867E+00, 1.1333E+00, 1.4800E+01,
18:55:44.71440468, 3.0267E+00, 1.1467E+00, 1.4533E+01,
18:55:44.71440473, 3.0000E+00, 1.1333E+00, 1.4933E+01,
18:55:44.71440478, 3.0267E+00, 1.1467E+00, 1.4667E+01,
18:55:44.71440483, 3.0000E+00, 1.1467E+00, 1.4400E+01,
18:55:44.71440488, 3.0000E+00, 1.1600E+00, 1.4533E+01,
18:55:44.71440493, 3.0267E+00, 1.1600E+00, 1.4667E+01,
18:55:44.71440498, 3.0267E+00, 1.1467E+00, 1.4400E+01,
18:55:44.71440503, 3.0000E+00, 1.1333E+00, 1.4667E+01,
18:55:44.71440508, 3.0000E+00, 1.1600E+00, 1.4400E+01,
18:55:44.71440513, 3.0000E+00, 1.1467E+00, 1.4400E+01,
18:55:44.71440518, 2.9600E+00, 1.1600E+00, 1.4533E+01,
18:55:44.71440523, 3.0267E+00, 1.1467E+00, 1.4400E+01,
18:55:44.71440528, 3.0267E+00, 1.1600E+00, 1.4267E+01,
18:55:44.71440533, 3.0133E+00, 1.1600E+00, 1.4400E+01,
18:55:44.71440538, 3.0267E+00, 1.1333E+00, 1.4267E+01,
18:55:44.71440543, 3.0267E+00, 1.1600E+00, 1.4400E+01,
18:55:44.71440548, 3.0133E+00, 1.1600E+00, 1.4267E+01,
18:55:44.71440553, 3.0000E+00, 1.1467E+00, 1.3867E+01,
18:55:44.71440558, 3.0133E+00, 1.1600E+00, 1.4267E+01,
18:55:44.71440563, 3.0000E+00, 1.1467E+00, 1.3867E+01,
18:55:44.71440568, 3.0000E+00, 1.1600E+00, 1.3867E+01,
18:55:44.71440573, 3.0000E+00, 1.1600E+00, 1.3867E+01,
18:55:44.71440578, 3.0133E+00, 1.1600E+00, 1.3733E+01,
18:55:44.71440583, 3.0400E+00, 1.1600E+00, 1.4000E+01,
18:55:44.71440588, 3.0000E+00, 1.1467E+00, 1.3867E+01,
18:55:44.71440593, 3.0267E+00, 1.1600E+00, 1.4000E+01,
18:55:44.71440598, 3.0267E+00, 1.1467E+00, 1.4000E+01,
18:55:44.71440603, 3.0133E+00, 1.1467E+00, 1.4133E+01,
18:55:44.71440608, 3.0000E+00, 1.1333E+00, 1.3600E+01,
18:55:44.71440613, 3.0133E+00, 1.1467E+00, 1.3867E+01,
18:55:44.71440618, 2.9867E+00, 1.1600E+00, 1.3867E+01,
18:55:44.71440623, 3.0133E+00, 1.1600E+00, 1.3467E+01,
18:55:44.71440628, 3.0133E+00, 1.1600E+00, 1.3733E+01,
18:55:44.71440633, 3.0133E+00, 1.1600E+00, 1.3467E+01,
18:55:44.71440638, 3.0133E+00, 1.1600E+00, 1.3867E+01,
18:55:44.71440643, 3.0133E+00, 1.1067E+00, 1.3467E+01,
18:55:44.71440648, 2.9867E+00, 1.1600E+00, 1.3467E+01,
18:55:44.71440653, 3.0000E+00, 1.1467E+00, 1.3600E+01,
18:55:44.71440658, 3.0000E+00, 1.1733E+00, 1.3333E+01,
18:55:44.71440663, 3.0267E+00, 1.1600E+00, 1.3333E+01,
18:55:44.71440668, 2.9867E+00, 1.1200E+00, 1.3200E+01,
18:55:44.71440673, 3.0533E+00, 1.1467E+00, 1.3200E+01,
18:55:44.71440678, 3.0267E+00, 1.1333E+00, 1.3067E+01,
18:55:44.71440683, 3.0267E+00, 1.1600E+00, 1.3467E+01,
18:55:44.71440688, 3.0133E+00, 1.1600E+00, 1.3067E+01,
18:55:44.71440693, 3.0133E+00, 1.1600E+00, 1.3467E+01,
18:55:44.71440698, 3.0267E+00, 1.1467E+00, 1.3067E+01,
18:55:44.71440703, 3.0000E+00, 1.1333E+00, 1.2933E+01,
18:55:44.71440708, 2.9867E+00, 1.1467E+00, 1.2933E+01,
18:55:44.71440713, 3.0267E+00, 1.1600E+00, 1.2933E+01,
18:55:44.71440718, 3.0133E+00, 1.1733E+00, 1.3067E+01,
18:55:44.71440723, 3.0133E+00, 1.1600E+00, 1.2933E+01,
18:55:44.71440728, 3.0000E+00, 1.1600E+00, 1.2933E+01,
18:55:44.71440733, 3.0000E+00, 1.1467E+00, 1.2933E+01,
18:55:44.71440738, 3.0133E+00, 1.1600E+00, 1.3067E+01,
18:55:44.71440743, 3.0000E+00, 1.1333E+00, 1.2667E+01,
18:55:44.71440748, 3.0133E+00, 1.1333E+00, 1.2800E+01,
18:55:44.71440753, 3.0133E+00, 1.1333E+00, 1.2800E+01,
18:55:44.71440758, 3.0267E+00, 1.1467E+00, 1.2800E+01,
18:55:44.71440763, 3.0267E+00, 1.1333E+00, 1.2667E+01,
18:55:44.71440768, 3.0133E+00, 1.1733E+00, 1.2800E+01,
18:55:44.71440773, 3.0133E+00, 1.1467E+00, 1.2533E+01,
18:55:44.71440778, 3.0267E+00, 1.1467E+00, 1.2533E+01,
18:55:44.71440783, 3.0133E+00, 1.1333E+00, 1.2400E+01,
18:55:44.71440788, 3.0133E+00, 1.1600E+00, 1.2800E+01,
18:55:44.71440793, 3.0000E+00, 1.1600E+00, 1.2267E+01,
18:55:44.71440798, 2.9733E+00, 1.1600E+00, 1.2667E+01,
18:55:44.71440803, 3.0267E+00, 1.1200E+00, 1.2400E+01,
18:55:44.71440808, 2.9867E+00, 1.1333E+00, 1.2400E+01,
18:55:44.71440813, 3.0400E+00, 1.1333E+00, 1.2133E+01,
18:55:44.71440818, 2.9867E+00, 1.1467E+00, 1.2267E+01,
18:55:44.71440823, 3.0000E+00, 1.1467E+00, 1.2267E+01,
18:55:44.71440828, 3.0133E+00, 1.1600E+00, 1.2133E+01,
18:55:44.71440833, 3.0133E+00, 1.1200E+00, 1.2267E+01,
18:55:44.71440838, 3.0133E+00, 1.1067E+00, 1.2133E+01,
18:55:44.71440843, 2.9600E+00, 1.1333E+00, 1.2267E+01,
18:55:44.71440848, 3.0133E+00, 1.1333E+00, 1.2133E+01,
18:55:44.71440853, 3.0000E+00, 1.1600E+00, 1.2267E+01,
18:55:44.71440858, 3.0267E+00, 1.1333E+00, 1.2133E+01,
18:55:44.71440863, 3.0267E+00, 1.1600E+00, 1.2267E+01,
18:55:44.71440868, 3.0133E+00, 1.1600E+00, 1.2133E+01,
18:55:44.71440873, 3.0133E+00, 1.1067E+00, 1.2000E+01,
18:55:44.71440878, 3.0000E+00, 1.0933E+00, 1.2400E+01,
18:55:44.71440883, 3.0000E+00, 1.1200E+00, 1.2400E+01,
18:55:44.71440888, 3.0133E+00, 1.1200E+00, 1.1733E+01,
18:55:44.71440893, 3.0000E+00, 1.0933E+00, 1.2000E+01,
18:55:44.71440898, 3.0133E+00, 1.1200E+00, 1.1867E+01,
18:55:44.71440903, 3.0133E+00, 1.1067E+00, 1.1733E+01,
18:55:44.71440908, 3.0000E+00, 1.1467E+00, 1.1733E+01,
18:55:44.71440913, 3.0267E+00, 1.0933E+00, 1.1600E+01,
18:55:44.71440918, 3.0133E+00, 1.1333E+00, 1.1733E+01,
18:55:44.71440923, 3.0133E+00, 1.1067E+00, 1.1867E+01,
18:55:44.71440928, 3.0000E+00, 1.1333E+00, 1.1600E+01,
18:55:44.71440933, 3.0133E+00, 1.1333E+00, 1.2000E+01,
18:55:44.71440938, 3.0133E+00, 1.1467E+00, 1.1600E+01,
18:55:44.71440943, 3.0000E+00, 1.1067E+00, 1.1600E+01,
18:55:44.71440948, 3.0000E+00, 1.1200E+00, 1.1600E+01,
18:55:44.71440953, 3.0133E+00, 1.1067E+00, 1.1467E+01,
18:55:44.71440958, 2.9867E+00, 1.1200E+00, 1.1467E+01,
18:55:44.71440963, 3.0133E+00, 1.1200E+00, 1.1600E+01,
18:55:44.71440968, 3.0000E+00, 1.1200E+00, 1.1600E+01,
18:55:44.71440973, 3.0400E+00, 1.1200E+00, 1.1333E+01,
18:55:44.71440978, 3.0133E+00, 1.0800E+00, 1.1600E+01,
18:55:44.71440983, 2.9733E+00, 1.1200E+00, 1.1333E+01,
18:55:44.71440988, 2.9867E+00, 1.1200E+00, 1.1333E+01,
18:55:44.71440993, 3.0133E+00, 1.1067E+00, 1.1333E+01,
18:55:44.71440998, 3.0133E+00, 1.1067E+00, 1.1600E+01,
18:55:44.71441003, 3.0000E+00, 1.0933E+00, 1.1067E+01,
18:55:44.71441008, 3.0133E+00, 1.1200E+00, 1.0800E+01,
18:55:44.71441013, 3.0400E+00, 1.1200E+00, 1.1333E+01,
18:55:44.71441018, 3.0000E+00, 1.0800E+00, 1.1467E+01,
18:55:44.71441023, 3.0000E+00, 1.0933E+00, 1.1200E+01,
18:55:44.71441028, 3.0000E+00, 1.0933E+00, 1.1333E+01,
18:55:44.71441033, 2.9867E+00, 1.0667E+00, 1.1200E+01,
18:55:44.71441038, 3.0133E+00, 1.1067E+00, 1.1467E+01,
18:55:44.71441043, 3.0267E+00, 1.0800E+00, 1.1333E+01,
18:55:44.71441048, 2.9867E+00, 1.0933E+00, 1.1200E+01,
18:55:44.71441053, 2.9867E+00, 1.0800E+00, 1.1200E+01,
18:55:44.71441058, 3.0133E+00, 1.0667E+00, 1.1067E+01,
18:55:44.71441063, 3.0133E+00, 1.0800E+00, 1.0933E+01,
18:55:44.71441068, 3.0000E+00, 1.0267E+00, 1.1333E+01,
18:55:44.71441073, 2.9867E+00, 1.0667E+00, 1.1333E+01,
18:55:44.71441078, 3.0000E+00, 1.0800E+00, 1.1333E+01,
18:55:44.71441083, 2.9867E+00, 1.0667E+00, 1.0800E+01,
18:55:44.71441088, 3.0000E+00, 1.1067E+00, 1.1067E+01,
18:55:44.71441093, 3.0000E+00, 1.1067E+00, 1.0667E+01,
18:55:44.71441098, 2.9733E+00, 1.0933E+00, 1.0800E+01,
18:55:44.71441103, 3.0267E+00, 1.1067E+00, 1.0533E+01,
18:55:44.71441108, 3.0133E+00, 1.0800E+00, 1.0800E+01,
18:55:44.71441113, 3.0133E+00, 1.0667E+00, 1.0800E+01,
18:55:44.71441118, 2.9867E+00, 1.0933E+00, 1.0800E+01,
18:55:44.71441123, 2.9867E+00, 1.0533E+00, 1.0533E+01,
18:55:44.71441128, 2.9867E+00, 1.0800E+00, 1.0800E+01,
18:55:44.71441133, 2.9733E+00, 1.0800E+00, 1.1067E+01,
18:55:44.71441138, 2.9867E+00, 1.0933E+00, 1.0800E+01,
18:55:44.71441143, 3.0133E+00, 1.0667E+00, 1.0667E+01,
18:55:44.71441148, 3.0000E+00, 1.0533E+00, 1.0533E+01,
18:55:44.71441153, 3.0133E+00, 1.0533E+00, 1.0933E+01,
18:55:44.71441158, 3.0000E+00, 1.0400E+00, 1.0667E+01,
18:55:44.71441163, 3.0133E+00, 1.0533E+00, 1.0667E+01,
18:55:44.71441168, 3.0000E+00, 1.0667E+00, 1.0933E+01,
18:55:44.71441173, 2.9867E+00, 1.0400E+00, 1.0800E+01,
18:55:44.71441178, 2.9867E+00, 1.0533E+00, 1.0800E+01,
18:55:44.71441183, 3.0133E+00, 1.0400E+00, 1.0533E+01,
18:55:44.71441188, 3.0133E+00, 1.0667E+00, 1.1067E+01,
18:55:44.71441193, 2.9867E+00, 1.0267E+00, 1.0533E+01,
18:55:44.71441198, 3.0000E+00, 1.0400E+00, 1.0267E+01,
18:55:44.71441203, 3.0267E+00, 1.0533E+00, 1.0533E+01,
18:55:44.71441208, 3.0000E+00, 1.0400E+00, 1.0400E+01,
18:55:44.71441213, 2.9867E+00, 1.0667E+00, 1.0933E+01,
18:55:44.71441218, 3.0267E+00, 1.0267E+00, 1.0400E+01,
18:55:44.71441223, 3.0267E+00, 1.0400E+00, 1.0400E+01,
18:55:44.71441228, 3.0267E+00, 1.0267E+00, 1.0533E+01,
18:55:44.71441233, 3.0267E+00, 1.0667E+00, 1.0667E+01,
18:55:44.71441238, 3.0000E+00, 1.0267E+00, 1.0533E+01,
18:55:44.71441243, 3.0133E+00, 1.0267E+00, 1.0400E+01,
18:55:44.71441248, 2.9867E+00, 1.0000E+00, 1.0533E+01,
18:55:44.71441253, 3.0000E+00, 1.0267E+00, 1.0133E+01,
18:55:44.71441258, 2.9867E+00, 1.0267E+00, 1.0267E+01,
18:55:44.71441263, 3.0000E+00, 1.0267E+00, 1.0267E+01,
18:55:44.71441268, 3.0267E+00, 1.0267E+00, 1.0267E+01,
18:55:44.71441273, 3.0133E+00, 1.0400E+00, 1.0267E+01,
18:55:44.71441278, 2.9867E+00, 1.0267E+00, 1.0267E+01,
18:55:44.71441283, 2.9867E+00, 1.0267E+00, 1.0400E+01,
18:55:44.71441288, 3.0000E+00, 1.0267E+00, 1.0267E+01,
18:55:44.71441293, 3.0000E+00, 1.0267E+00, 1.0267E+01,
18:55:44.71441298, 3.0133E+00, 1.0267E+00, 1.0133E+01,
18:55:44.71441303, 3.0267E+00, 1.0000E+00, 1.0400E+01,
18:55:44.71441308, 2.9600E+00, 1.0267E+00, 1.0267E+01,
18:55:44.71441313, 3.0000E+00, 1.0267E+00, 1.0533E+01,
18:55:44.71441318, 2.9867E+00, 1.0400E+00, 1.0400E+01,
18:55:44.71441323, 2.9867E+00, 1.0267E+00, 1.0133E+01,
18:55:44.71441328, 2.9867E+00, 1.0400E+00, 1.0400E+01,
18:55:44.71441333, 3.0133E+00, 1.0133E+00, 1.0267E+01,
18:55:44.71441338, 3.0133E+00, 1.0267E+00, 1.0133E+01,
18:55:44.71441343, 3.0133E+00, 1.0267E+00, 1.0267E+01,
18:55:44.71441348, 3.0000E+00, 1.0267E+00, 1.0133E+01,
18:55:44.71441353, 3.0133E+00, 1.0267E+00, 1.0267E+01,
18:55:44.71441358, 3.0000E+00, 1.0133E+00, 9.8667E+00,
18:55:44.71441363, 2.9867E+00, 1.0000E+00, 1.0267E+01,
18:55:44.71441368, 3.0000E+00, 1.0133E+00, 1.0267E+01,
18:55:44.71441373, 3.0000E+00, 1.0000E+00, 1.0267E+01,
18:55:44.71441378, 3.0000E+00, 1.0133E+00, 1.0400E+01,
18:55:44.71441383, 2.9867E+00, 1.0000E+00, 1.0400E+01,
18:55:44.71441388, 2.9867E+00, 1.0000E+00, 1.0267E+01,
18:55:44.71441393, 3.0133E+00, 9.8667E-01, 1.0133E+01,
18:55:44.71441398, 3.0000E+00, 1.0000E+00, 1.0400E+01,
18:55:44.71441403, 2.9733E+00, 1.0000E+00, 1.0133E+01,
18:55:44.71441408, 3.0133E+00, 9.8667E-01, 1.0267E+01,
18:55:44.71441413, 3.0133E+00, 9.8667E-01, 1.0133E+01,
18:55:44.71441418, 2.9867E+00, 9.4667E-01, 1.0400E+01,
18:55:44.71441423, 3.0000E+00, 1.0133E+00, 1.0267E+01,
18:55:44.71441428, 3.0133E+00, 1.0000E+00, 1.0133E+01,
18:55:44.71441433, 3.0133E+00, 1.0000E+00, 9.7333E+00,
18:55:44.71441438, 3.0133E+00, 9.8667E-01, 1.0133E+01,
18:55:44.71441443, 3.0133E+00, 9.7333E-01, 1.0000E+01,
18:55:44.71441448, 3.0000E+00, 9.4667E-01, 1.0000E+01,
18:55:44.71441453, 3.0267E+00, 9.6000E-01, 1.0267E+01,
18:55:44.71441458, 3.0000E+00, 9.7333E-01, 1.0133E+01,
18:55:44.71441463, 2.9867E+00, 9.4667E-01, 1.0133E+01,
18:55:44.71441468, 2.9867E+00, 9.8667E-01, 1.0000E+01,
18:55:44.71441473, 2.9733E+00, 9.6000E-01, 1.0133E+01,
18:55:44.71441478, 3.0000E+00, 9.6000E-01, 1.0000E+01,
18:55:44.71441483, 3.0000E+00, 9.6000E-01, 1.0267E+01,
18:55:44.71441488, 2.9733E+00, 9.7333E-01, 1.0267E+01,
18:55:44.71441493, 3.0133E+00, 1.0000E+00, 9.8667E+00,
18:55:44.71441498, 2.9733E+00, 9.4667E-01, 1.0000E+01,
18:55:44.71441503, 3.0133E+00, 9.8667E-01, 1.0267E+01,
18:55:44.71441508, 2.9867E+00, 9.6000E-01, 9.8667E+00,
18:55:44.71441513, 2.9867E+00, 9.2000E-01, 1.0267E+01,
18:55:44.71441518, 3.0000E+00, 9.7333E-01, 1.0267E+01,
18:55:44.71441523, 3.0000E+00, 9.8667E-01, 1.0133E+01,
18:55:44.71441528, 3.0000E+00, 9.3333E-01, 1.0133E+01,
18:55:44.71441533, 3.0000E+00, 9.7333E-01, 1.0267E+01,
18:55:44.71441538, 3.0000E+00, 9.4667E-01, 9.7333E+00,
18:55:44.71441543, 3.0400E+00, 9.4667E-01, 1.0533E+01,
18:55:44.71441548, 3.0133E+00, 9.4667E-01, 1.0133E+01,
18:55:44.71441553, 2.9867E+00, 9.4667E-01, 1.0133E+01,
18:55:44.71441558, 2.9867E+00, 9.6000E-01, 1.0267E+01,
18:55:44.71441563, 2.9733E+00, 9.0667E-01, 1.0000E+01,
18:55:44.71441568, 3.0133E+00, 9.8667E-01, 1.0267E+01,
18:55:44.71441573, 3.0000E+00, 9.3333E-01, 1.0267E+01,
18:55:44.71441578, 3.0000E+00, 9.2000E-01, 1.0267E+01,
18:55:44.71441583, 3.0267E+00, 9.3333E-01, 1.0000E+01,
18:55:44.71441588, 3.0133E+00, 9.4667E-01, 1.0267E+01,
18:55:44.71441593, 2.9867E+00, 9.0667E-01, 1.0133E+01,
18:55:44.71441598, 2.9733E+00, 9.6000E-01, 1.0267E+01,
18:55:44.71441603, 3.0000E+00, 9.0667E-01, 1.0133E+01,
18:55:44.71441608, 2.9867E+00, 9.3333E-01, 1.0267E+01,
18:55:44.71441613, 3.0000E+00, 9.4667E-01, 1.0533E+01,
18:55:44.71441618, 3.0133E+00, 9.3333E-01, 1.0667E+01,
18:55:44.71441623, 3.0000E+00, 9.2000E-01, 1.0267E+01,
18:55:44.71441628, 2.9733E+00, 9.0667E-01, 1.0133E+01,
18:55:44.71441633, 3.0267E+00, 9.0667E-01, 1.0133E+01,
18:55:44.71441638, 2.9867E+00, 9.3333E-01, 1.0267E+01,
18:55:44.71441643, 3.0133E+00, 9.0667E-01, 1.0000E+01,
18:55:44.71441648, 3.0267E+00, 9.3333E-01, 1.0533E+01,
18:55:44.71441653, 2.9867E+00, 9.2000E-01, 1.0133E+01,
18:55:44.71441658, 3.0000E+00, 9.6000E-01, 1.0400E+01,
18:55:44.71441663, 3.0267E+00, 9.3333E-01, 1.0667E+01,
18:55:44.71441668, 3.0267E+00, 9.2000E-01, 1.0400E+01,
18:55:44.71441673, 3.0133E+00, 9.3333E-01, 1.0267E+01,
18:55:44.71441678, 3.0267E+00, 8.9333E-01, 1.0267E+01,
18:55:44.71441683, 3.0133E+00, 9.4667E-01, 1.0400E+01,
18:55:44.71441688, 3.0000E+00, 9.2000E-01, 1.0533E+01,
18:55:44.71441693, 2.9867E+00, 9.0667E-01, 1.0400E+01,
18:55:44.71441698, 2.9867E+00, 9.2000E-01, 1.0400E+01,
18:55:44.71441703, 3.0133E+00, 9.2000E-01, 1.0533E+01,
18:55:44.71441708, 2.9733E+00, 8.9333E-01, 1.0400E+01,
18:55:44.71441713, 2.9600E+00, 8.9333E-01, 1.0400E+01,
18:55:44.71441718, 2.9867E+00, 9.3333E-01, 1.0533E+01,
18:55:44.71441723, 3.0000E+00, 8.9333E-01, 1.0533E+01,
18:55:44.71441728, 3.0133E+00, 9.0667E-01, 1.0267E+01,
18:55:44.71441733, 3.0267E+00, 9.3333E-01, 1.0533E+01,
18:55:44.71441738, 2.9600E+00, 9.3333E-01, 1.0400E+01,
18:55:44.71441743, 3.0000E+00, 9.2000E-01, 1.0267E+01,
18:55:44.71441748, 2.9600E+00, 9.2000E-01, 1.0400E+01,
18:55:44.71441753, 3.0133E+00, 9.0667E-01, 1.0267E+01,
18:55:44.71441758, 3.0000E+00, 9.0667E-01, 1.0533E+01,
18:55:44.71441763, 3.0133E+00, 8.9333E-01, 1.0533E+01,
18:55:44.71441768, 2.9867E+00, 8.9333E-01, 1.0667E+01,
18:55:44.71441773, 3.0000E+00, 8.9333E-01, 1.0400E+01,
18:55:44.71441778, 3.0133E+00, 9.0667E-01, 1.0667E+01,
18:55:44.71441783, 3.0000E+00, 8.9333E-01, 1.0267E+01,
18:55:44.71441788, 3.0000E+00, 8.9333E-01, 1.0667E+01,
18:55:44.71441793, 3.0133E+00, 9.0667E-01, 1.0533E+01,
18:55:44.71441798, 2.9733E+00, 9.0667E-01, 1.0533E+01,
18:55:44.71441803, 2.9733E+00, 9.0667E-01, 1.0800E+01,
18:55:44.71441808, 2.9867E+00, 8.9333E-01, 1.0533E+01,
18:55:44.71441813, 3.0000E+00, 8.9333E-01, 1.0533E+01,
18:55:44.71441818, 3.0133E+00, 8.9333E-01, 1.0533E+01,
18:55:44.71441823, 3.0000E+00, 8.9333E-01, 1.0533E+01,
18:55:44.71441828, 3.0267E+00, 8.9333E-01, 1.0667E+01,
18:55:44.71441833, 3.0000E+00, 8.9333E-01, 1.0400E+01,
18:55:44.71441838, 3.0000E+00, 8.9333E-01, 1.0533E+01,
18:55:44.71441843, 2.9867E+00, 8.8000E-01, 1.0533E+01,
18:55:44.71441848, 3.0000E+00, 8.9333E-01, 1.0667E+01,
18:55:44.71441853, 2.9867E+00, 8.8000E-01, 1.0400E+01,
18:55:44.71441858, 2.9867E+00, 8.8000E-01, 1.0800E+01,
18:55:44.71441863, 3.0000E+00, 8.8000E-01, 1.0933E+01,
18:55:44.71441868, 3.0000E+00, 8.9333E-01, 1.0933E+01,
18:55:44.71441873, 3.0133E+00, 8.6667E-01, 1.0667E+01,
18:55:44.71441878, 3.0133E+00, 8.8000E-01, 1.0667E+01,
18:55:44.71441883, 3.0267E+00, 8.8000E-01, 1.0933E+01,
18:55:44.71441888, 3.0267E+00, 8.9333E-01, 1.1333E+01,
18:55:44.71441893, 2.9733E+00, 8.8000E-01, 1.0800E+01,
18:55:44.71441898, 3.0267E+00, 8.8000E-01, 1.0933E+01,
18:55:44.71441903, 3.0133E+00, 8.8000E-01, 1.0533E+01,
18:55:44.71441908, 2.9867E+00, 8.9333E-01, 1.1067E+01,
18:55:44.71441913, 3.0133E+00, 8.9333E-01, 1.1200E+01,
18:55:44.71441918, 3.0000E+00, 8.9333E-01, 1.0933E+01,
18:55:44.71441923, 3.0267E+00, 8.4000E-01, 1.0800E+01,
18:55:44.71441928, 3.0133E+00, 8.5333E-01, 1.1200E+01,
18:55:44.71441933, 3.0267E+00, 8.9333E-01, 1.0533E+01,
18:55:44.71441938, 3.0133E+00, 8.6667E-01, 1.0933E+01,
18:55:44.71441943, 2.9867E+00, 8.9333E-01, 1.0800E+01,
18:55:44.71441948, 2.9733E+00, 8.8000E-01, 1.1067E+01,
18:55:44.71441953, 3.0000E+00, 8.8000E-01, 1.1067E+01,
18:55:44.71441958, 3.0000E+00, 8.9333E-01, 1.1333E+01,
18:55:44.71441963, 3.0267E+00, 8.8000E-01, 1.1067E+01,
18:55:44.71441968, 3.0133E+00, 8.6667E-01, 1.0933E+01,
18:55:44.71441973, 2.9867E+00, 8.6667E-01, 1.0933E+01,
18:55:44.71441978, 3.0133E+00, 8.6667E-01, 1.0933E+01,
18:55:44.71441983, 2.9867E+00, 8.5333E-01, 1.0933E+01,
18:55:44.71441988, 2.9867E+00, 8.9333E-01, 1.1067E+01,
18:55:44.71441993, 2.9867E+00, 8.9333E-01, 1.1067E+01,
18:55:44.71441998, 3.0133E+00, 8.4000E-01, 1.0933E+01,
18:55:44.71442003, 3.0133E+00, 8.5333E-01, 1.1333E+01,
18:55:44.71442008, 3.0267E+00, 8.9333E-01, 1.0933E+01,
18:55:44.71442013, 2.9867E+00, 8.8000E-01, 1.1333E+01,
18:55:44.71442018, 3.0400E+00, 8.5333E-01, 1.1200E+01,
18:55:44.71442023, 3.0133E+00, 8.9333E-01, 1.1067E+01,
18:55:44.71442028, 3.0267E+00, 8.8000E-01, 1.1333E+01,
18:55:44.71442033, 3.0000E+00, 8.5333E-01, 1.1067E+01,
18:55:44.71442038, 2.9867E+00, 8.6667E-01, 1.1467E+01,
18:55:44.71442043, 2.9867E+00, 8.5333E-01, 1.1467E+01,
18:55:44.71442048, 2.9733E+00, 8.5333E-01, 1.1467E+01,
18:55:44.71442053, 3.0267E+00, 8.8000E-01, 1.1600E+01,
18:55:44.71442058, 3.0133E+00, 8.8000E-01, 1.1600E+01,
18:55:44.71442063, 2.9867E+00, 8.8000E-01, 1.1200E+01,
18:55:44.71442068, 3.0000E+00, 8.5333E-01, 1.1600E+01,
18:55:44.71442073, 3.0133E+00, 8.4000E-01, 1.1467E+01,
18:55:44.71442078, 2.9600E+00, 8.5333E-01, 1.1067E+01,
18:55:44.71442083, 3.0000E+00, 8.9333E-01, 1.1467E+01,
18:55:44.71442088, 2.9867E+00, 8.5333E-01, 1.1600E+01,
18:55:44.71442093, 2.9867E+00, 8.8000E-01, 1.1333E+01,
18:55:44.71442098, 3.0000E+00, 8.8000E-01, 1.1867E+01,
18:55:44.71442103, 2.9867E+00, 8.6667E-01, 1.1467E+01,
18:55:44.71442108, 3.0133E+00, 8.6667E-01, 1.1600E+01,
18:55:44.71442113, 3.0000E+00, 8.6667E-01, 1.1600E+01,
18:55:44.71442118, 3.0000E+00, 8.6667E-01, 1.1600E+01,
18:55:44.71442123, 2.9867E+00, 8.6667E-01, 1.1600E+01,
18:55:44.71442128, 3.0267E+00, 8.8000E-01, 1.1600E+01,
18:55:44.71442133, 2.9733E+00, 8.6667E-01, 1.1600E+01,
18:55:44.71442138, 3.0133E+00, 8.9333E-01, 1.1600E+01,
18:55:44.71442143, 2.9867E+00, 8.8000E-01, 1.1867E+01,
18:55:44.71442148, 3.0133E+00, 8.6667E-01, 1.1600E+01,
18:55:44.71442153, 2.9867E+00, 8.9333E-01, 1.1467E+01,
18:55:44.71442158, 2.9600E+00, 8.6667E-01, 1.1600E+01,
18:55:44.71442163, 3.0000E+00, 8.6667E-01, 1.1600E+01,
18:55:44.71442168, 2.9733E+00, 8.9333E-01, 1.1600E+01,
18:55:44.71442173, 2.9733E+00, 8.8000E-01, 1.1600E+01,
18:55:44.71442178, 3.0133E+00, 8.8000E-01, 1.1600E+01,
18:55:44.71442183, 2.9867E+00, 9.0667E-01, 1.1600E+01,
18:55:44.71442188, 2.9600E+00, 8.4000E-01, 1.1600E+01,
18:55:44.71442193, 3.0133E+00, 8.5333E-01, 1.1600E+01,
18:55:44.71442198, 2.9867E+00, 8.5333E-01, 1.1733E+01,
18:55:44.71442203, 3.0000E+00, 8.4000E-01, 1.1867E+01,
18:55:44.71442208, 3.0133E+00, 8.6667E-01, 1.1867E+01,
18:55:44.71442213, 3.0267E+00, 8.5333E-01, 1.1733E+01,
18:55:44.71442218, 3.0133E+00, 8.9333E-01, 1.1867E+01,
18:55:44.71442223, 2.9733E+00, 8.6667E-01, 1.2000E+01,
18:55:44.71442228, 2.9867E+00, 8.6667E-01, 1.1733E+01,
18:55:44.71442233, 3.0000E+00, 8.8000E-01, 1.1733E+01,
18:55:44.71442238, 3.0000E+00, 8.4000E-01, 1.1867E+01,
18:55:44.71442243, 3.0000E+00, 8.5333E-01, 1.1867E+01,
18:55:44.71442248, 3.0133E+00, 8.6667E-01, 1.2133E+01,
18:55:44.71442253, 3.0133E+00, 8.8000E-01, 1.2400E+01,
18:55:44.71442258, 3.0000E+00, 8.6667E-01, 1.1733E+01,
18:55:44.71442263, 3.0133E+00, 8.4000E-01, 1.2000E+01,
18:55:44.71442268, 3.0133E+00, 8.8000E-01, 1.2000E+01,
18:55:44.71442273, 3.0133E+00, 8.8000E-01, 1.2133E+01,
18:55:44.71442278, 2.9733E+00, 8.9333E-01, 1.2133E+01,
18:55:44.71442283, 3.0133E+00, 8.8000E-01, 1.2000E+01,
18:55:44.71442288, 3.0000E+00, 8.4000E-01, 1.1733E+01,
18:55:44.71442293, 3.0133E+00, 8.2667E-01, 1.2400E+01,
18:55:44.71442298, 3.0000E+00, 8.6667E-01, 1.2267E+01,
18:55:44.71442303, 3.0267E+00, 8.8000E-01, 1.2533E+01,
18:55:44.71442308, 3.0133E+00, 8.5333E-01, 1.2400E+01,
18:55:44.71442313, 3.0133E+00, 8.6667E-01, 1.2267E+01,
18:55:44.71442318, 2.9733E+00, 8.8000E-01, 1.2133E+01,
18:55:44.71442323, 3.0000E+00, 8.6667E-01, 1.2400E+01,
18:55:44.71442328, 2.9600E+00, 8.8000E-01, 1.2000E+01,
18:55:44.71442333, 2.9867E+00, 8.5333E-01, 1.2267E+01,
18:55:44.71442338, 3.0000E+00, 8.5333E-01, 1.2133E+01,
18:55:44.71442343, 3.0267E+00, 8.8000E-01, 1.2400E+01,
18:55:44.71442348, 3.0000E+00, 8.5333E-01, 1.2533E+01,
18:55:44.71442353, 3.0000E+00, 8.9333E-01, 1.2400E+01,
18:55:44.71442358, 2.9867E+00, 8.8000E-01, 1.2400E+01,
18:55:44.71442363, 3.0133E+00, 8.5333E-01, 1.2400E+01,
18:55:44.71442368, 2.9867E+00, 8.6667E-01, 1.2267E+01,
18:55:44.71442373, 3.0000E+00, 8.8000E-01, 1.2400E+01,
18:55:44.71442378, 2.9733E+00, 8.5333E-01, 1.2667E+01,
18:55:44.71442383, 3.0267E+00, 8.5333E-01, 1.2400E+01,
18:55:44.71442388, 2.9867E+00, 8.8000E-01, 1.2667E+01,
18:55:44.71442393, 3.0000E+00, 8.5333E-01, 1.2533E+01,
18:55:44.71442398, 3.0267E+00, 8.5333E-01, 1.2667E+01,
18:55:44.71442403, 3.0133E+00, 8.4000E-01, 1.2267E+01,
18:55:44.71442408, 3.0133E+00, 8.8000E-01, 1.2667E+01,
18:55:44.71442413, 2.9733E+00, 8.6667E-01, 1.2800E+01,
18:55:44.71442418, 2.9867E+00, 8.8000E-01, 1.2533E+01,
18:55:44.71442423, 3.0133E+00, 8.6667E-01, 1.2400E+01,
18:55:44.71442428, 3.0133E+00, 8.5333E-01, 1.2667E+01,
18:55:44.71442433, 3.0000E+00, 8.8000E-01, 1.2800E+01,
18:55:44.71442438, 3.0267E+00, 8.6667E-01, 1.2800E+01,
18:55:44.71442443, 2.9867E+00, 8.8000E-01, 1.2667E+01,
18:55:44.71442448, 3.0267E+00, 8.8000E-01, 1.2667E+01,
18:55:44.71442453, 3.0133E+00, 8.5333E-01, 1.2933E+01,
18:55:44.71442458, 3.0133E+00, 8.8000E-01, 1.2667E+01,
18:55:44.71442463, 3.0000E+00, 8.6667E-01, 1.2400E+01,
18:55:44.71442468, 3.0133E+00, 8.6667E-01, 1.2933E+01,
18:55:44.71442473, 3.0133E+00, 8.8000E-01, 1.2667E+01,
18:55:44.71442478, 3.0000E+00, 8.5333E-01, 1.3067E+01,
18:55:44.71442483, 3.0267E+00, 8.9333E-01, 1.2667E+01,
18:55:44.71442488, 3.0267E+00, 8.5333E-01, 1.2800E+01,
18:55:44.71442493, 3.0000E+00, 8.9333E-01, 1.2800E+01,
18:55:44.71442498, 3.0000E+00, 8.5333E-01, 1.2933E+01,
18:55:44.71442503, 3.0133E+00, 8.9333E-01, 1.3200E+01,
18:55:44.71442508, 3.0000E+00, 8.8000E-01, 1.2667E+01,
18:55:44.71442513, 3.0000E+00, 8.8000E-01, 1.3067E+01,
18:55:44.71442518, 2.9733E+00, 8.6667E-01, 1.2933E+01,
18:55:44.71442523, 3.0000E+00, 8.6667E-01, 1.2933E+01,
18:55:44.71442528, 3.0267E+00, 8.5333E-01, 1.2933E+01,
18:55:44.71442533, 3.0000E+00, 8.8000E-01, 1.3067E+01,
18:55:44.71442538, 3.0000E+00, 8.9333E-01, 1.3067E+01,
18:55:44.71442543, 3.0000E+00, 8.9333E-01, 1.3067E+01,
18:55:44.71442548, 3.0267E+00, 8.6667E-01, 1.3333E+01,
18:55:44.71442553, 3.0133E+00, 8.9333E-01, 1.3333E+01,
18:55:44.71442558, 2.9867E+00, 8.9333E-01, 1.3067E+01,
18:55:44.71442563, 3.0133E+00, 9.2000E-01, 1.3067E+01,
18:55:44.71442568, 2.9733E+00, 8.9333E-01, 1.2933E+01,
18:55:44.71442573, 2.9867E+00, 8.8000E-01, 1.3067E+01,
18:55:44.71442578, 2.9733E+00, 9.0667E-01, 1.3067E+01,
18:55:44.71442583, 3.0133E+00, 8.6667E-01, 1.3200E+01,
18:55:44.71442588, 3.0267E+00, 8.6667E-01, 1.3067E+01,
18:55:44.71442593, 3.0133E+00, 8.9333E-01, 1.3200E+01,
18:55:44.71442598, 3.0000E+00, 8.8000E-01, 1.3200E+01,
18:55:44.71442603, 2.9867E+00, 8.9333E-01, 1.3333E+01,
18:55:44.71442608, 3.0133E+00, 8.8000E-01, 1.2933E+01,
18:55:44.71442613, 3.0000E+00, 9.0667E-01, 1.2933E+01,
18:55:44.71442618, 3.0133E+00, 9.0667E-01, 1.3067E+01,
18:55:44.71442623, 3.0000E+00, 8.9333E-01, 1.3067E+01,
18:55:44.71442628, 3.0000E+00, 8.9333E-01, 1.3067E+01,
18:55:44.71442633, 3.0000E+00, 8.9333E-01, 1.3067E+01,
18:55:44.71442638, 3.0267E+00, 9.0667E-01, 1.3200E+01,
18:55:44.71442643, 3.0000E+00, 8.9333E-01, 1.3333E+01,
18:55:44.71442648, 3.0133E+00, 9.0667E-01, 1.3067E+01,
18:55:44.71442653, 2.9867E+00, 8.9333E-01, 1.3200E+01,
18:55:44.71442658, 3.0000E+00, 8.8000E-01, 1.3067E+01,
18:55:44.71442663, 3.0133E+00, 8.5333E-01, 1.3333E+01,
18:55:44.71442668, 3.0000E+00, 8.5333E-01, 1.3467E+01,
18:55:44.71442673, 3.0267E+00, 8.9333E-01, 1.3467E+01,
18:55:44.71442678, 3.0267E+00, 8.9333E-01, 1.3467E+01,
18:55:44.71442683, 2.9867E+00, 8.9333E-01, 1.2933E+01,
18:55:44.71442688, 3.0267E+00, 8.6667E-01, 1.3467E+01,
18:55:44.71442693, 3.0000E+00, 9.2000E-01, 1.3467E+01,
18:55:44.71442698, 3.0133E+00, 8.8000E-01, 1.3200E+01,
18:55:44.71442703, 3.0133E+00, 8.9333E-01, 1.3333E+01,
18:55:44.71442708, 2.9733E+00, 8.8000E-01, 1.3333E+01,
18:55:44.71442713, 3.0133E+00, 8.8000E-01, 1.3200E+01,
18:55:44.71442718, 3.0000E+00, 9.0667E-01, 1.3333E+01,
18:55:44.71442723, 3.0000E+00, 9.2000E-01, 1.3200E+01,
18:55:44.71442728, 2.9867E+00, 9.0667E-01, 1.3333E+01,
18:55:44.71442733, 3.0133E+00, 8.9333E-01, 1.3600E+01,
18:55:44.71442738, 3.0267E+00, 9.3333E-01, 1.3333E+01,
18:55:44.71442743, 3.0267E+00, 8.9333E-01, 1.3467E+01,
18:55:44.71442748, 3.0267E+00, 8.9333E-01, 1.3467E+01,
18:55:44.71442753, 3.0000E+00, 9.0667E-01, 1.3600E+01,
18:55:44.71442758, 2.9867E+00, 9.2000E-01, 1.3333E+01,
18:55:44.71442763, 3.0133E+00, 9.0667E-01, 1.3467E+01,
18:55:44.71442768, 2.9867E+00, 8.9333E-01, 1.3333E+01,
18:55:44.71442773, 3.0000E+00, 9.0667E-01, 1.3600E+01,
18:55:44.71442778, 3.0267E+00, 8.9333E-01, 1.3467E+01,
18:55:44.71442783, 3.0133E+00, 8.9333E-01, 1.3600E+01,
18:55:44.71442788, 3.0133E+00, 9.2000E-01, 1.3333E+01,
18:55:44.71442793, 2.9867E+00, 9.3333E-01, 1.3600E+01,
18:55:44.71442798, 3.0000E+00, 9.0667E-01, 1.3200E+01,
18:55:44.71442803, 2.9733E+00, 8.9333E-01, 1.3600E+01,
18:55:44.71442808, 3.0000E+00, 8.8000E-01, 1.3467E+01,
18:55:44.71442813, 3.0267E+00, 9.3333E-01, 1.3467E+01,
18:55:44.71442818, 2.9867E+00, 9.0667E-01, 1.3467E+01,
18:55:44.71442823, 3.0000E+00, 8.9333E-01, 1.3733E+01,
18:55:44.71442828, 3.0000E+00, 9.0667E-01, 1.3467E+01,
18:55:44.71442833, 3.0133E+00, 8.9333E-01, 1.3467E+01,
18:55:44.71442838, 3.0267E+00, 9.0667E-01, 1.3467E+01,
18:55:44.71442843, 3.0133E+00, 8.9333E-01, 1.3467E+01,
18:55:44.71442848, 2.9600E+00, 9.3333E-01, 1.3467E+01,
18:55:44.71442853, 2.9600E+00, 8.8000E-01, 1.3600E+01,
18:55:44.71442858, 3.0267E+00, 9.3333E-01, 1.3600E+01,
18:55:44.71442863, 3.0133E+00, 9.2000E-01, 1.3467E+01,
18:55:44.71442868, 3.0000E+00, 9.3333E-01, 1.3733E+01,
18:55:44.71442873, 2.9867E+00, 9.3333E-01, 1.3467E+01,
18:55:44.71442878, 3.0267E+00, 9.0667E-01, 1.3600E+01,
18:55:44.71442883, 2.9867E+00, 9.3333E-01, 1.3867E+01,
18:55:44.71442888, 3.0000E+00, 9.0667E-01, 1.3733E+01,
18:55:44.71442893, 3.0267E+00, 9.0667E-01, 1.3600E+01,
18:55:44.71442898, 3.0000E+00, 9.2000E-01, 1.3600E+01,
18:55:44.71442903, 2.9733E+00, 9.4667E-01, 1.3200E+01,
18:55:44.71442908, 3.0133E+00, 9.2000E-01, 1.3600E+01,
18:55:44.71442913, 3.0267E+00, 9.0667E-01, 1.3467E+01,
18:55:44.71442918, 2.9867E+00, 9.0667E-01, 1.3600E+01,
18:55:44.71442923, 3.0133E+00, 9.3333E-01, 1.3600E+01,
18:55:44.71442928, 3.0000E+00, 8.9333E-01, 1.3867E+01,
18:55:44.71442933, 3.0000E+00, 9.2000E-01, 1.3867E+01,
18:55:44.71442938, 2.9867E+00, 9.2000E-01, 1.3600E+01,
18:55:44.71442943, 3.0133E+00, 9.3333E-01, 1.3733E+01,
18:55:44.71442948, 2.9733E+00, 9.4667E-01, 1.3600E+01,
18:55:44.71442953, 3.0133E+00, 9.0667E-01, 1.3600E+01,
18:55:44.71442958, 3.0133E+00, 8.9333E-01, 1.3733E+01,
18:55:44.71442963, 3.0000E+00, 9.2000E-01, 1.3467E+01,
18:55:44.71442968, 3.0267E+00, 9.2000E-01, 1.3600E+01,
18:55:44.71442973, 3.0533E+00, 9.4667E-01, 1.3867E+01,
18:55:44.71442978, 3.0133E+00, 9.6000E-01, 1.3733E+01,
18:55:44.71442983, 3.0133E+00, 9.2000E-01, 1.4133E+01,
18:55:44.71442988, 3.0267E+00, 9.2000E-01, 1.3600E+01,
18:55:44.71442993, 3.0267E+00, 9.4667E-01, 1.3467E+01,
18:55:44.71442998, 3.0267E+00, 9.8667E-01, 1.3600E+01,
18:55:44.71443003, 3.0267E+00, 9.3333E-01, 1.4000E+01,
18:55:44.71443008, 3.0133E+00, 9.2000E-01, 1.3467E+01,
18:55:44.71443013, 3.0000E+00, 9.6000E-01, 1.3600E+01,
18:55:44.71443018, 3.0133E+00, 9.2000E-01, 1.3733E+01,
18:55:44.71443023, 3.0133E+00, 9.2000E-01, 1.3600E+01,
18:55:44.71443028, 3.0267E+00, 9.6000E-01, 1.3733E+01,
18:55:44.71443033, 3.0133E+00, 9.2000E-01, 1.3867E+01,
18:55:44.71443038, 3.0133E+00, 9.4667E-01, 1.3733E+01,
18:55:44.71443043, 2.9733E+00, 9.4667E-01, 1.4000E+01,
18:55:44.71443048, 2.9867E+00, 9.4667E-01, 1.3600E+01,
18:55:44.71443053, 3.0267E+00, 9.2000E-01, 1.3867E+01,
18:55:44.71443058, 3.0000E+00, 9.6000E-01, 1.3600E+01,
18:55:44.71443063, 3.0267E+00, 9.3333E-01, 1.4000E+01,
18:55:44.71443068, 3.0133E+00, 9.4667E-01, 1.4267E+01,
18:55:44.71443073, 3.0400E+00, 9.4667E-01, 1.3600E+01,
18:55:44.71443078, 3.0000E+00, 9.6000E-01, 1.3733E+01,
18:55:44.71443083, 3.0000E+00, 9.2000E-01, 1.3600E+01,
18:55:44.71443088, 3.0000E+00, 9.4667E-01, 1.3467E+01,
18:55:44.71443093, 2.9733E+00, 9.3333E-01, 1.3867E+01,
18:55:44.71443098, 3.0267E+00, 8.9333E-01, 1.3733E+01,
18:55:44.71443103, 3.0133E+00, 9.4667E-01, 1.4000E+01,
18:55:44.71443108, 3.0000E+00, 9.4667E-01, 1.3733E+01,
18:55:44.71443113, 3.0267E+00, 9.3333E-01, 1.3600E+01,
18:55:44.71443118, 3.0133E+00, 9.4667E-01, 1.3600E+01,
18:55:44.71443123, 3.0000E+00, 9.7333E-01, 1.3867E+01,
18:55:44.71443128, 3.0000E+00, 9.3333E-01, 1.3733E+01,
18:55:44.71443133, 3.0000E+00, 9.4667E-01, 1.3733E+01,
18:55:44.71443138, 3.0267E+00, 9.8667E-01, 1.3733E+01,
18:55:44.71443143, 3.0133E+00, 9.3333E-01, 1.3600E+01,
18:55:44.71443148, 2.9867E+00, 9.7333E-01, 1.4000E+01,
18:55:44.71443153, 2.9867E+00, 9.4667E-01, 1.3600E+01,
18:55:44.71443158, 3.0267E+00, 9.7333E-01, 1.4267E+01,
18:55:44.71443163, 3.0267E+00, 9.4667E-01, 1.3600E+01,
18:55:44.71443168, 3.0267E+00, 9.6000E-01, 1.3600E+01,
18:55:44.71443173, 2.9867E+00, 9.7333E-01, 1.3867E+01,
18:55:44.71443178, 2.9867E+00, 9.8667E-01, 1.3733E+01,
18:55:44.71443183, 3.0267E+00, 9.4667E-01, 1.3600E+01,
18:55:44.71443188, 3.0267E+00, 9.6000E-01, 1.3733E+01,
18:55:44.71443193, 2.9867E+00, 9.6000E-01, 1.3733E+01,
18:55:44.71443198, 2.9733E+00, 9.3333E-01, 1.3600E+01,
18:55:44.71443203, 3.0000E+00, 9.7333E-01, 1.4000E+01,
18:55:44.71443208, 3.0000E+00, 9.7333E-01, 1.3467E+01,
18:55:44.71443213, 3.0000E+00, 9.6000E-01, 1.3733E+01,
18:55:44.71443218, 3.0000E+00, 9.4667E-01, 1.3867E+01,
18:55:44.71443223, 3.0133E+00, 9.6000E-01, 1.3867E+01,
18:55:44.71443228, 3.0267E+00, 9.6000E-01, 1.3867E+01,
18:55:44.71443233, 3.0267E+00, 9.8667E-01, 1.3733E+01,
18:55:44.71443238, 3.0267E+00, 9.6000E-01, 1.3600E+01,
18:55:44.71443243, 3.0267E+00, 9.7333E-01, 1.3733E+01,
18:55:44.71443248, 3.0267E+00, 9.6000E-01, 1.3467E+01,
18:55:44.71443253, 3.0267E+00, 9.6000E-01, 1.3733E+01,
18:55:44.71443258, 3.0533E+00, 9.8667E-01, 1.3600E+01,
18:55:44.71443263, 3.0133E+00, 9.7333E-01, 1.3867E+01,
18:55:44.71443268, 3.0133E+00, 9.4667E-01, 1.3600E+01,
18:55:44.71443273, 3.0000E+00, 9.6000E-01, 1.3600E+01,
18:55:44.71443278, 2.9867E+00, 9.8667E-01, 1.4000E+01,
18:55:44.71443283, 2.9867E+00, 9.6000E-01, 1.3733E+01,
18:55:44.71443288, 2.9867E+00, 9.4667E-01, 1.3867E+01,
18:55:44.71443293, 3.0133E+00, 9.6000E-01, 1.4000E+01,
18:55:44.71443298, 3.0000E+00, 9.7333E-01, 1.3733E+01,
18:55:44.71443303, 3.0000E+00, 9.8667E-01, 1.3867E+01,
18:55:44.71443308, 3.0000E+00, 9.6000E-01, 1.3867E+01,
18:55:44.71443313, 2.9733E+00, 1.0000E+00, 1.3867E+01,
18:55:44.71443318, 2.9867E+00, 9.8667E-01, 1.4000E+01,
18:55:44.71443323, 3.0000E+00, 1.0000E+00, 1.3600E+01,
18:55:44.71443328, 3.0133E+00, 9.7333E-01, 1.3600E+01,
18:55:44.71443333, 2.9733E+00, 9.7333E-01, 1.3733E+01,
18:55:44.71443338, 3.0000E+00, 1.0133E+00, 1.3733E+01,
18:55:44.71443343, 3.0267E+00, 9.8667E-01, 1.3733E+01,
18:55:44.71443348, 3.0267E+00, 9.8667E-01, 1.3733E+01,
18:55:44.71443353, 3.0000E+00, 9.8667E-01, 1.3467E+01,
18:55:44.71443358, 3.0267E+00, 1.0000E+00, 1.3200E+01,
18:55:44.71443363, 3.0533E+00, 9.8667E-01, 1.3467E+01,
18:55:44.71443368, 3.0000E+00, 1.0000E+00, 1.4000E+01,
18:55:44.71443373, 2.9867E+00, 9.7333E-01, 1.3733E+01,
18:55:44.71443378, 3.0133E+00, 9.7333E-01, 1.3600E+01,
18:55:44.71443383, 3.0000E+00, 9.8667E-01, 1.3733E+01,
18:55:44.71443388, 3.0000E+00, 1.0000E+00, 1.3467E+01,
18:55:44.71443393, 2.9600E+00, 9.8667E-01, 1.3333E+01,
18:55:44.71443398, 3.0267E+00, 1.0000E+00, 1.3733E+01,
18:55:44.71443403, 3.0133E+00, 9.8667E-01, 1.3467E+01,
18:55:44.71443408, 3.0133E+00, 9.7333E-01, 1.3733E+01,
18:55:44.71443413, 3.0267E+00, 9.8667E-01, 1.3733E+01,
18:55:44.71443418, 3.0000E+00, 9.8667E-01, 1.3733E+01,
18:55:44.71443423, 3.0133E+00, 1.0000E+00, 1.3467E+01,
18:55:44.71443428, 3.0000E+00, 1.0000E+00, 1.3600E+01,
18:55:44.71443433, 3.0133E+00, 1.0133E+00, 1.3333E+01,
18:55:44.71443438, 2.9867E+00, 9.8667E-01, 1.3733E+01,
18:55:44.71443443, 2.9867E+00, 9.6000E-01, 1.3333E+01,
18:55:44.71443448, 3.0267E+00, 9.8667E-01, 1.3600E+01,
18:55:44.71443453, 3.0133E+00, 1.0000E+00, 1.3600E+01,
18:55:44.71443458, 3.0133E+00, 1.0000E+00, 1.4000E+01,
18:55:44.71443463, 3.0267E+00, 9.7333E-01, 1.3733E+01,
18:55:44.71443468, 2.9867E+00, 9.7333E-01, 1.3733E+01,
18:55:44.71443473, 3.0000E+00, 9.8667E-01, 1.3333E+01,
18:55:44.71443478, 2.9733E+00, 1.0000E+00, 1.3600E+01,
18:55:44.71443483, 3.0267E+00, 1.0133E+00, 1.3467E+01,
18:55:44.71443488, 3.0267E+00, 1.0133E+00, 1.3467E+01,
18:55:44.71443493, 2.9867E+00, 1.0133E+00, 1.3333E+01,
18:55:44.71443498, 3.0133E+00, 1.0000E+00, 1.3733E+01,
18:55:44.71443503, 3.0133E+00, 1.0133E+00, 1.3600E+01,
18:55:44.71443508, 3.0000E+00, 9.8667E-01, 1.3733E+01,
18:55:44.71443513, 3.0000E+00, 1.0000E+00, 1.3600E+01,
18:55:44.71443518, 2.9867E+00, 9.8667E-01, 1.3600E+01,
18:55:44.71443523, 2.9867E+00, 9.8667E-01, 1.3467E+01,
18:55:44.71443528, 3.0000E+00, 1.0133E+00, 1.3467E+01,
18:55:44.71443533, 2.9600E+00, 9.7333E-01, 1.3333E+01,
18:55:44.71443538, 2.9867E+00, 9.7333E-01, 1.3333E+01,
18:55:44.71443543, 3.0133E+00, 9.7333E-01, 1.3333E+01,
18:55:44.71443548, 2.9867E+00, 1.0267E+00, 1.3600E+01,
18:55:44.71443553, 3.0133E+00, 9.8667E-01, 1.3333E+01,
18:55:44.71443558, 3.0267E+00, 1.0267E+00, 1.3200E+01,
18:55:44.71443563, 3.0133E+00, 1.0000E+00, 1.3200E+01,
18:55:44.71443568, 3.0000E+00, 1.0133E+00, 1.3333E+01,
18:55:44.71443573, 2.9600E+00, 9.8667E-01, 1.3333E+01,
18:55:44.71443578, 3.0133E+00, 1.0267E+00, 1.3067E+01,
18:55:44.71443583, 3.0000E+00, 1.0133E+00, 1.3333E+01,
18:55:44.71443588, 3.0133E+00, 1.0133E+00, 1.3333E+01,
18:55:44.71443593, 3.0133E+00, 1.0267E+00, 1.3200E+01,
18:55:44.71443598, 3.0000E+00, 1.0000E+00, 1.3467E+01,
18:55:44.71443603, 3.0133E+00, 9.8667E-01, 1.3333E+01,
18:55:44.71443608, 3.0133E+00, 1.0000E+00, 1.3200E+01,
18:55:44.71443613, 3.0133E+00, 1.0267E+00, 1.3067E+01,
18:55:44.71443618, 2.9867E+00, 1.0267E+00, 1.3333E+01,
18:55:44.71443623, 3.0000E+00, 1.0267E+00, 1.3067E+01,
18:55:44.71443628, 2.9867E+00, 1.0000E+00, 1.3067E+01,
18:55:44.71443633, 3.0267E+00, 1.0267E+00, 1.3467E+01,
18:55:44.71443638, 3.0267E+00, 1.0133E+00, 1.3067E+01,
18:55:44.71443643, 3.0133E+00, 1.0000E+00, 1.3200E+01,
18:55:44.71443648, 3.0267E+00, 1.0000E+00, 1.3067E+01,
18:55:44.71443653, 3.0133E+00, 1.0133E+00, 1.3467E+01,
18:55:44.71443658, 3.0000E+00, 1.0133E+00, 1.3067E+01,
18:55:44.71443663, 2.9867E+00, 1.0000E+00, 1.3067E+01,
18:55:44.71443668, 3.0000E+00, 1.0000E+00, 1.3333E+01,
18:55:44.71443673, 2.9733E+00, 9.8667E-01, 1.3200E+01,
18:55:44.71443678, 3.0133E+00, 1.0267E+00, 1.3067E+01,
18:55:44.71443683, 3.0267E+00, 1.0267E+00, 1.3067E+01,
18:55:44.71443688, 3.0133E+00, 1.0133E+00, 1.3067E+01,
18:55:44.71443693, 2.9867E+00, 9.8667E-01, 1.3067E+01,
18:55:44.71443698, 3.0133E+00, 1.0267E+00, 1.3333E+01,
18:55:44.71443703, 2.9867E+00, 9.8667E-01, 1.3067E+01,
18:55:44.71443708, 3.0000E+00, 1.0133E+00, 1.3200E+01,
18:55:44.71443713, 3.0000E+00, 1.0000E+00, 1.3200E+01,
18:55:44.71443718, 2.9733E+00, 9.7333E-01, 1.3200E+01,
18:55:44.71443723, 3.0000E+00, 9.8667E-01, 1.3067E+01,
18:55:44.71443728, 3.0000E+00, 1.0267E+00, 1.3067E+01,
18:55:44.71443733, 3.0133E+00, 1.0000E+00, 1.3467E+01,
18:55:44.71443738, 3.0000E+00, 1.0000E+00, 1.3200E+01,
18:55:44.71443743, 3.0267E+00, 1.0000E+00, 1.3067E+01,
18:55:44.71443748, 2.9867E+00, 1.0133E+00, 1.2933E+01,
18:55:44.71443753, 2.9867E+00, 1.0000E+00, 1.3067E+01,
18:55:44.71443758, 2.9867E+00, 9.8667E-01, 1.3067E+01,
18:55:44.71443763, 2.9867E+00, 1.0267E+00, 1.3067E+01,
18:55:44.71443768, 3.0000E+00, 9.8667E-01, 1.3067E+01,
18:55:44.71443773, 3.0133E+00, 1.0000E+00, 1.3067E+01,
18:55:44.71443778, 3.0267E+00, 1.0267E+00, 1.2933E+01,
18:55:44.71443783, 3.0267E+00, 1.0267E+00, 1.3333E+01,
18:55:44.71443788, 3.0267E+00, 1.0267E+00, 1.3067E+01,
18:55:44.71443793, 3.0000E+00, 1.0133E+00, 1.2933E+01,
18:55:44.71443798, 3.0267E+00, 9.7333E-01, 1.3200E+01,
18:55:44.71443803, 3.0267E+00, 1.0133E+00, 1.3200E+01,
18:55:44.71443808, 3.0267E+00, 1.0133E+00, 1.3067E+01,
18:55:44.71443813, 3.0000E+00, 1.0133E+00, 1.3067E+01,
18:55:44.71443818, 2.9733E+00, 1.0267E+00, 1.2800E+01,
18:55:44.71443823, 3.0267E+00, 1.0267E+00, 1.3200E+01,
18:55:44.71443828, 3.0000E+00, 1.0267E+00, 1.3067E+01,
18:55:44.71443833, 3.0133E+00, 1.0133E+00, 1.3333E+01,
18:55:44.71443838, 3.0133E+00, 1.0133E+00, 1.2800E+01,
18:55:44.71443843, 3.0133E+00, 1.0267E+00, 1.2800E+01,
18:55:44.71443848, 3.0267E+00, 1.0133E+00, 1.2933E+01,
18:55:44.71443853, 3.0133E+00, 1.0133E+00, 1.2933E+01,
18:55:44.71443858, 2.9867E+00, 1.0133E+00, 1.3067E+01,
18:55:44.71443863, 2.9867E+00, 1.0267E+00, 1.3200E+01,
18:55:44.71443868, 3.0000E+00, 1.0000E+00, 1.2800E+01,
18:55:44.71443873, 3.0267E+00, 1.0133E+00, 1.2933E+01,
18:55:44.71443878, 3.0000E+00, 1.0133E+00, 1.3067E+01,
18:55:44.71443883, 3.0133E+00, 9.8667E-01, 1.2933E+01,
18:55:44.71443888, 3.0000E+00, 1.0267E+00, 1.3067E+01,
18:55:44.71443893, 3.0133E+00, 1.0267E+00, 1.2933E+01,
18:55:44.71443898, 3.0000E+00, 1.0133E+00, 1.2933E+01,
18:55:44.71443903, 3.0000E+00, 1.0267E+00, 1.2933E+01,
18:55:44.71443908, 2.9867E+00, 1.0133E+00, 1.2800E+01,
18:55:44.71443913, 3.0267E+00, 1.0133E+00, 1.2933E+01,
18:55:44.71443918, 3.0000E+00, 9.8667E-01, 1.2667E+01,
18:55:44.71443923, 3.0000E+00, 9.8667E-01, 1.3067E+01,
18:55:44.71443928, 3.0000E+00, 1.0000E+00, 1.2667E+01,
18:55:44.71443933, 3.0000E+00, 9.7333E-01, 1.2667E+01,
18:55:44.71443938, 3.0267E+00, 1.0267E+00, 1.2933E+01,
18:55:44.71443943, 3.0000E+00, 1.0133E+00, 1.2933E+01,
18:55:44.71443948, 2.9733E+00, 1.0133E+00, 1.2933E+01,
18:55:44.71443953, 2.9867E+00, 1.0000E+00, 1.2533E+01,
18:55:44.71443958, 2.9867E+00, 1.0000E+00, 1.2667E+01,
18:55:44.71443963, 2.9867E+00, 1.0000E+00, 1.2667E+01,
18:55:44.71443968, 3.0267E+00, 1.0267E+00, 1.2800E+01,
18:55:44.71443973, 3.0133E+00, 9.8667E-01, 1.2933E+01,
18:55:44.71443978, 3.0267E+00, 1.0133E+00, 1.2400E+01,
18:55:44.71443983, 3.0000E+00, 1.0133E+00, 1.2400E+01,
18:55:44.71443988, 2.9733E+00, 1.0000E+00, 1.2533E+01,
18:55:44.71443993, 2.9733E+00, 1.0133E+00, 1.2667E+01,
18:55:44.71443998, 2.9867E+00, 1.0133E+00, 1.2800E+01,
18:55:44.71444003, 2.9867E+00, 1.0133E+00, 1.2800E+01,
18:55:44.71444008, 3.0000E+00, 1.0000E+00, 1.2533E+01,
18:55:44.71444013, 3.0133E+00, 1.0000E+00, 1.2667E+01,
18:55:44.71444018, 2.9733E+00, 1.0000E+00, 1.2667E+01,
18:55:44.71444023, 2.9867E+00, 1.0267E+00, 1.3067E+01,
18:55:44.71444028, 3.0133E+00, 1.0000E+00, 1.2800E+01,
18:55:44.71444033, 3.0133E+00, 9.8667E-01, 1.2533E+01,
18:55:44.71444038, 3.0133E+00, 9.7333E-01, 1.2800E+01,
18:55:44.71444043, 3.0133E+00, 1.0267E+00, 1.2800E+01,
18:55:44.71444048, 2.9867E+00, 1.0000E+00, 1.2800E+01,
18:55:44.71444053, 2.9733E+00, 1.0133E+00, 1.2800E+01,
18:55:44.71444058, 3.0267E+00, 1.0000E+00, 1.2667E+01,
18:55:44.71444063, 3.0267E+00, 1.0267E+00, 1.2667E+01,
18:55:44.71444068, 3.0267E+00, 1.0133E+00, 1.2400E+01,
18:55:44.71444073, 3.0133E+00, 1.0133E+00, 1.2667E+01,
18:55:44.71444078, 3.0133E+00, 9.8667E-01, 1.2800E+01,
18:55:44.71444083, 3.0133E+00, 1.0000E+00, 1.2667E+01,
18:55:44.71444088, 2.9733E+00, 1.0133E+00, 1.2400E+01,
18:55:44.71444093, 3.0000E+00, 1.0133E+00, 1.2800E+01,
18:55:44.71444098, 3.0000E+00, 9.8667E-01, 1.2800E+01,
18:55:44.71444103, 2.9867E+00, 1.0133E+00, 1.2667E+01,
18:55:44.71444108, 3.0000E+00, 1.0000E+00, 1.2533E+01,
18:55:44.71444113, 3.0133E+00, 9.8667E-01, 1.2533E+01,
18:55:44.71444118, 3.0000E+00, 9.7333E-01, 1.2133E+01,
18:55:44.71444123, 3.0133E+00, 9.8667E-01, 1.2400E+01,
18:55:44.71444128, 3.0133E+00, 9.8667E-01, 1.2667E+01,
18:55:44.71444133, 3.0133E+00, 1.0000E+00, 1.2533E+01,
18:55:44.71444138, 3.0133E+00, 9.7333E-01, 1.2267E+01,
18:55:44.71444143, 2.9867E+00, 1.0000E+00, 1.2800E+01,
18:55:44.71444148, 3.0000E+00, 1.0133E+00, 1.2267E+01,
18:55:44.71444153, 3.0000E+00, 1.0133E+00, 1.2533E+01,
18:55:44.71444158, 3.0133E+00, 1.0000E+00, 1.2400E+01,
18:55:44.71444163, 3.0267E+00, 1.0133E+00, 1.2000E+01,
18:55:44.71444168, 3.0133E+00, 9.8667E-01, 1.2400E+01,
18:55:44.71444173, 3.0133E+00, 1.0133E+00, 1.2400E+01,
18:55:44.71444178, 3.0000E+00, 9.8667E-01, 1.2667E+01,
18:55:44.71444183, 2.9867E+00, 1.0133E+00, 1.2800E+01,
18:55:44.71444188, 3.0133E+00, 9.8667E-01, 1.2400E+01,
18:55:44.71444193, 2.9867E+00, 1.0133E+00, 1.2400E+01,
18:55:44.71444198, 2.9733E+00, 1.0000E+00, 1.2267E+01,
18:55:44.71444203, 2.9867E+00, 1.0133E+00, 1.2000E+01,
18:55:44.71444208, 2.9867E+00, 9.8667E-01, 1.2400E+01,
18:55:44.71444213, 3.0133E+00, 1.0133E+00, 1.2400E+01,
18:55:44.71444218, 3.0267E+00, 9.7333E-01, 1.2533E+01,
18:55:44.71444223, 3.0133E+00, 1.0000E+00, 1.2000E+01,
18:55:44.71444228, 3.0267E+00, 9.7333E-01, 1.2400E+01,
18:55:44.71444233, 3.0267E+00, 1.0000E+00, 1.2133E+01,
18:55:44.71444238, 3.0000E+00, 1.0133E+00, 1.2400E+01,
18:55:44.71444243, 2.9733E+00, 1.0267E+00, 1.2000E+01,
18:55:44.71444248, 2.9733E+00, 1.0133E+00, 1.2400E+01,
18:55:44.71444253, 3.0000E+00, 1.0000E+00, 1.2533E+01,
18:55:44.71444258, 2.9867E+00, 9.8667E-01, 1.2400E+01,
18:55:44.71444263, 3.0000E+00, 1.0000E+00, 1.2267E+01,
18:55:44.71444268, 3.0267E+00, 1.0133E+00, 1.2533E+01,
18:55:44.71444273, 3.0000E+00, 9.7333E-01, 1.2400E+01,
18:55:44.71444278, 3.0133E+00, 9.3333E-01, 1.2533E+01,
18:55:44.71444283, 2.9867E+00, 9.7333E-01, 1.2133E+01,
18:55:44.71444288, 2.9867E+00, 1.0000E+00, 1.2400E+01,
18:55:44.71444293, 2.9867E+00, 9.6000E-01, 1.2400E+01,
18:55:44.71444298, 3.0133E+00, 9.8667E-01, 1.2533E+01,
18:55:44.71444303, 3.0133E+00, 9.8667E-01, 1.2400E+01,
18:55:44.71444308, 3.0133E+00, 9.8667E-01, 1.2000E+01,
18:55:44.71444313, 3.0000E+00, 1.0000E+00, 1.2133E+01,
18:55:44.71444318, 2.9867E+00, 9.8667E-01, 1.2400E+01,
18:55:44.71444323, 3.0000E+00, 1.0000E+00, 1.2000E+01,
18:55:44.71444328, 3.0000E+00, 1.0000E+00, 1.2000E+01,
18:55:44.71444333, 2.9867E+00, 1.0000E+00, 1.2133E+01,
18:55:44.71444338, 2.9867E+00, 1.0000E+00, 1.2000E+01,
18:55:44.71444343, 3.0000E+00, 9.6000E-01, 1.2133E+01,
18:55:44.71444348, 3.0000E+00, 9.8667E-01, 1.2400E+01,
18:55:44.71444353, 3.0000E+00, 9.8667E-01, 1.2000E+01,
18:55:44.71444358, 3.0000E+00, 1.0000E+00, 1.2533E+01,
18:55:44.71444363, 3.0133E+00, 1.0000E+00, 1.2133E+01,
18:55:44.71444368, 3.0000E+00, 9.8667E-01, 1.2533E+01,
18:55:44.71444373, 3.0267E+00, 1.0000E+00, 1.2133E+01,
18:55:44.71444378, 2.9733E+00, 9.7333E-01, 1.2000E+01,
18:55:44.71444383, 2.9733E+00, 9.6000E-01, 1.2133E+01,
18:55:44.71444388, 2.9867E+00, 9.7333E-01, 1.2267E+01,
18:55:44.71444393, 3.0133E+00, 1.0133E+00, 1.2267E+01,
18:55:44.71444398, 2.9867E+00, 9.7333E-01, 1.2267E+01,
18:55:44.71444403, 2.9600E+00, 9.6000E-01, 1.2133E+01,
18:55:44.71444408, 2.9867E+00, 9.7333E-01, 1.2000E+01,
18:55:44.71444413, 3.0267E+00, 1.0000E+00, 1.2000E+01,
18:55:44.71444418, 3.0133E+00, 1.0000E+00, 1.2267E+01,
18:55:44.71444423, 2.9867E+00, 1.0000E+00, 1.2267E+01,
18:55:44.71444428, 2.9867E+00, 9.6000E-01, 1.2267E+01,
18:55:44.71444433, 2.9467E+00, 9.8667E-01, 1.2400E+01,
18:55:44.71444438, 2.9867E+00, 9.6000E-01, 1.2267E+01,
18:55:44.71444443, 3.0133E+00, 9.8667E-01, 1.2267E+01,
18:55:44.71444448, 3.0000E+00, 9.8667E-01, 1.2000E+01,
18:55:44.71444453, 3.0133E+00, 9.4667E-01, 1.1867E+01,
18:55:44.71444458, 3.0133E+00, 9.8667E-01, 1.2533E+01,
18:55:44.71444463, 3.0267E+00, 1.0133E+00, 1.2133E+01,
18:55:44.71444468, 3.0000E+00, 9.4667E-01, 1.2400E+01,
18:55:44.71444473, 2.9867E+00, 9.8667E-01, 1.2267E+01,
18:55:44.71444478, 3.0000E+00, 9.7333E-01, 1.2000E+01,
18:55:44.71444483, 3.0000E+00, 9.8667E-01, 1.2267E+01,
18:55:44.71444488, 2.9867E+00, 9.7333E-01, 1.2000E+01,
18:55:44.71444493, 2.9867E+00, 9.6000E-01, 1.2400E+01,
18:55:44.71444498, 3.0267E+00, 9.6000E-01, 1.2400E+01,
18:55:44.71444503, 3.0133E+00, 9.8667E-01, 1.2267E+01,
18:55:44.71444508, 3.0133E+00, 9.8667E-01, 1.2133E+01,
18:55:44.71444513, 2.9867E+00, 9.7333E-01, 1.2000E+01,
18:55:44.71444518, 3.0133E+00, 9.6000E-01, 1.2133E+01,
18:55:44.71444523, 3.0267E+00, 9.7333E-01, 1.2000E+01,
18:55:44.71444528, 3.0133E+00, 9.7333E-01, 1.2000E+01,
18:55:44.71444533, 2.9733E+00, 9.8667E-01, 1.2000E+01,
18:55:44.71444538, 2.9733E+00, 9.7333E-01, 1.2400E+01,
18:55:44.71444543, 2.9867E+00, 9.4667E-01, 1.1867E+01,
18:55:44.71444548, 3.0400E+00, 1.0000E+00, 1.2267E+01,
18:55:44.71444553, 3.0000E+00, 9.6000E-01, 1.1867E+01,
18:55:44.71444558, 3.0133E+00, 1.0000E+00, 1.2000E+01,
18:55:44.71444563, 3.0133E+00, 9.6000E-01, 1.2133E+01,
18:55:44.71444568, 3.0133E+00, 9.6000E-01, 1.2133E+01,
18:55:44.71444573, 2.9733E+00, 9.6000E-01, 1.2267E+01,
18:55:44.71444578, 2.9867E+00, 9.7333E-01, 1.2133E+01,
18:55:44.71444583, 3.0000E+00, 9.8667E-01, 1.2133E+01,
18:55:44.71444588, 2.9733E+00, 9.8667E-01, 1.2133E+01,
18:55:44.71444593, 3.0000E+00, 9.8667E-01, 1.2133E+01,
18:55:44.71444598, 3.0133E+00, 9.7333E-01, 1.2133E+01,
18:55:44.71444603, 2.9867E+00, 9.7333E-01, 1.1733E+01,
18:55:44.71444608, 3.0000E+00, 9.8667E-01, 1.2000E+01,
18:55:44.71444613, 3.0133E+00, 9.3333E-01, 1.2133E+01,
18:55:44.71444618, 3.0267E+00, 9.8667E-01, 1.2000E+01,
18:55:44.71444623, 2.9733E+00, 9.7333E-01, 1.1733E+01,
18:55:44.71444628, 2.9600E+00, 9.7333E-01, 1.2000E+01,
18:55:44.71444633, 2.9867E+00, 9.6000E-01, 1.2133E+01,
18:55:44.71444638, 3.0000E+00, 9.6000E-01, 1.2267E+01,
18:55:44.71444643, 3.0267E+00, 9.4667E-01, 1.2267E+01,
18:55:44.71444648, 3.0533E+00, 9.8667E-01, 1.2133E+01,
18:55:44.71444653, 3.0133E+00, 9.6000E-01, 1.2000E+01,
18:55:44.71444658, 3.0267E+00, 9.7333E-01, 1.2000E+01,
18:55:44.71444663, 3.0000E+00, 1.0133E+00, 1.1867E+01,
18:55:44.71444668, 3.0133E+00, 9.8667E-01, 1.2000E+01,
18:55:44.71444673, 2.9867E+00, 9.7333E-01, 1.2133E+01,
18:55:44.71444678, 3.0133E+00, 9.7333E-01, 1.2133E+01,
18:55:44.71444683, 2.9867E+00, 9.8667E-01, 1.2000E+01,
18:55:44.71444688, 2.9867E+00, 9.6000E-01, 1.2133E+01,
18:55:44.71444693, 2.9733E+00, 9.7333E-01, 1.2000E+01,
18:55:44.71444698, 3.0267E+00, 9.6000E-01, 1.2000E+01,
18:55:44.71444703, 3.0000E+00, 9.6000E-01, 1.1867E+01,
18:55:44.71444708, 3.0267E+00, 9.6000E-01, 1.2133E+01,
18:55:44.71444713, 3.0267E+00, 9.8667E-01, 1.1867E+01,
18:55:44.71444718, 2.9733E+00, 9.7333E-01, 1.2267E+01,
18:55:44.71444723, 3.0000E+00, 9.8667E-01, 1.2133E+01,
18:55:44.71444728, 3.0267E+00, 9.6000E-01, 1.2000E+01,
18:55:44.71444733, 3.0000E+00, 9.4667E-01, 1.2133E+01,
18:55:44.71444738, 3.0000E+00, 9.7333E-01, 1.2267E+01,
18:55:44.71444743, 3.0000E+00, 9.7333E-01, 1.1867E+01,
18:55:44.71444748, 3.0133E+00, 9.3333E-01, 1.2133E+01,
18:55:44.71444753, 2.9600E+00, 9.4667E-01, 1.1733E+01,
18:55:44.71444758, 2.9867E+00, 9.4667E-01, 1.1733E+01,
18:55:44.71444763, 2.9733E+00, 9.6000E-01, 1.2133E+01,
18:55:44.71444768, 2.9467E+00, 9.4667E-01, 1.2133E+01,
18:55:44.71444773, 3.0000E+00, 9.7333E-01, 1.1867E+01,
18:55:44.71444778, 2.9867E+00, 9.7333E-01, 1.2267E+01,
18:55:44.71444783, 3.0133E+00, 9.4667E-01, 1.1867E+01,
18:55:44.71444788, 2.9867E+00, 9.4667E-01, 1.2000E+01,
18:55:44.71444793, 3.0000E+00, 9.4667E-01, 1.2000E+01,
18:55:44.71444798, 3.0133E+00, 9.4667E-01, 1.2133E+01,
18:55:44.71444803, 3.0400E+00, 9.4667E-01, 1.2267E+01,
18:55:44.71444808, 3.0267E+00, 9.7333E-01, 1.1867E+01,
18:55:44.71444813, 3.0000E+00, 9.4667E-01, 1.1600E+01,
18:55:44.71444818, 3.0133E+00, 9.8667E-01, 1.2267E+01,
18:55:44.71444823, 3.0000E+00, 9.4667E-01, 1.2533E+01,
18:55:44.71444828, 3.0133E+00, 9.3333E-01, 1.2000E+01,
18:55:44.71444833, 3.0267E+00, 9.4667E-01, 1.1867E+01,
18:55:44.71444838, 3.0267E+00, 9.6000E-01, 1.2133E+01,
18:55:44.71444843, 3.0267E+00, 9.3333E-01, 1.2267E+01,
18:55:44.71444848, 2.9867E+00, 9.4667E-01, 1.2000E+01,
18:55:44.71444853, 3.0000E+00, 1.0000E+00, 1.1867E+01,
18:55:44.71444858, 3.0133E+00, 9.7333E-01, 1.2133E+01,
18:55:44.71444863, 3.0000E+00, 9.6000E-01, 1.2000E+01,
18:55:44.71444868, 2.9467E+00, 9.6000E-01, 1.2267E+01,
18:55:44.71444873, 3.0000E+00, 9.4667E-01, 1.1867E+01,
18:55:44.71444878, 3.0133E+00, 9.4667E-01, 1.1867E+01,
18:55:44.71444883, 3.0000E+00, 9.3333E-01, 1.2133E+01,
18:55:44.71444888, 2.9867E+00, 9.4667E-01, 1.2133E+01,
18:55:44.71444893, 3.0133E+00, 9.6000E-01, 1.2133E+01,
18:55:44.71444898, 3.0000E+00, 9.6000E-01, 1.2000E+01,
18:55:44.71444903, 3.0000E+00, 9.4667E-01, 1.2000E+01,
18:55:44.71444908, 2.9867E+00, 9.2000E-01, 1.2133E+01,
18:55:44.71444913, 2.9867E+00, 9.4667E-01, 1.1867E+01,
18:55:44.71444918, 2.9867E+00, 9.6000E-01, 1.2133E+01,
18:55:44.71444923, 3.0133E+00, 9.4667E-01, 1.2133E+01,
18:55:44.71444928, 3.0000E+00, 9.7333E-01, 1.2400E+01,
18:55:44.71444933, 2.9733E+00, 9.4667E-01, 1.2000E+01,
18:55:44.71444938, 3.0133E+00, 9.4667E-01, 1.2267E+01,
18:55:44.71444943, 3.0000E+00, 9.0667E-01, 1.2133E+01,
18:55:44.71444948, 3.0000E+00, 9.0667E-01, 1.2267E+01,
18:55:44.71444953, 2.9600E+00, 9.4667E-01, 1.1867E+01,
18:55:44.71444958, 3.0133E+00, 9.0667E-01, 1.1733E+01,
18:55:44.71444963, 2.9733E+00, 9.4667E-01, 1.2133E+01,
18:55:44.71444968, 3.0000E+00, 9.3333E-01, 1.2133E+01,
18:55:44.71444973, 3.0133E+00, 9.4667E-01, 1.2133E+01,
18:55:44.71444978, 2.9867E+00, 9.4667E-01, 1.2133E+01,
18:55:44.71444983, 3.0000E+00, 9.2000E-01, 1.2133E+01,
18:55:44.71444988, 2.9867E+00, 9.3333E-01, 1.2267E+01,
18:55:44.71444993, 2.9867E+00, 8.9333E-01, 1.1867E+01,
18:55:44.71444998, 2.9733E+00, 9.3333E-01, 1.2267E+01,
18:55:44.71445003, 2.9600E+00, 9.2000E-01, 1.2133E+01,
18:55:44.71445008, 2.9867E+00, 9.2000E-01, 1.2267E+01,
18:55:44.71445013, 3.0000E+00, 9.4667E-01, 1.2267E+01,
18:55:44.71445018, 2.9600E+00, 9.2000E-01, 1.2267E+01,
18:55:44.71445023, 3.0000E+00, 9.2000E-01, 1.2400E+01,
18:55:44.71445028, 3.0000E+00, 9.4667E-01, 1.2400E+01,
18:55:44.71445033, 3.0267E+00, 9.3333E-01, 1.2400E+01,
18:55:44.71445038, 3.0000E+00, 9.7333E-01, 1.2267E+01,
18:55:44.71445043, 2.9600E+00, 9.3333E-01, 1.2533E+01,
18:55:44.71445048, 2.9867E+00, 9.6000E-01, 1.2267E+01,
18:55:44.71445053, 3.0267E+00, 9.2000E-01, 1.2400E+01,
18:55:44.71445058, 2.9600E+00, 9.4667E-01, 1.2267E+01,
18:55:44.71445063, 3.0133E+00, 9.4667E-01, 1.2400E+01,
18:55:44.71445068, 3.0133E+00, 9.3333E-01, 1.2267E+01,
18:55:44.71445073, 2.9867E+00, 9.4667E-01, 1.2400E+01,
18:55:44.71445078, 3.0133E+00, 9.4667E-01, 1.2267E+01,
18:55:44.71445083, 2.9867E+00, 9.6000E-01, 1.2533E+01,
18:55:44.71445088, 3.0000E+00, 9.2000E-01, 1.2133E+01,
18:55:44.71445093, 3.0000E+00, 9.6000E-01, 1.2267E+01,
18:55:44.71445098, 2.9867E+00, 9.3333E-01, 1.2267E+01,
18:55:44.71445103, 3.0133E+00, 9.6000E-01, 1.2000E+01,
18:55:44.71445108, 2.9867E+00, 9.3333E-01, 1.2400E+01,
18:55:44.71445113, 2.9867E+00, 9.0667E-01, 1.2133E+01,
18:55:44.71445118, 3.0133E+00, 9.2000E-01, 1.2267E+01,
18:55:44.71445123, 2.9867E+00, 9.0667E-01, 1.2400E+01,
18:55:44.71445128, 3.0133E+00, 9.4667E-01, 1.2267E+01,
18:55:44.71445133, 2.9867E+00, 9.4667E-01, 1.2267E+01,
18:55:44.71445138, 3.0000E+00, 9.2000E-01, 1.2400E+01,
18:55:44.71445143, 3.0000E+00, 9.6000E-01, 1.2267E+01,
18:55:44.71445148, 3.0133E+00, 9.6000E-01, 1.2267E+01,
18:55:44.71445153, 3.0133E+00, 9.2000E-01, 1.2400E+01,
18:55:44.71445158, 2.9733E+00, 9.3333E-01, 1.2400E+01,
18:55:44.71445163, 3.0133E+00, 9.3333E-01, 1.1867E+01,
18:55:44.71445168, 2.9867E+00, 9.3333E-01, 1.2267E+01,
18:55:44.71445173, 3.0133E+00, 8.9333E-01, 1.2400E+01,
18:55:44.71445178, 3.0000E+00, 9.2000E-01, 1.2400E+01,
18:55:44.71445183, 3.0000E+00, 9.3333E-01, 1.2667E+01,
18:55:44.71445188, 3.0133E+00, 9.3333E-01, 1.2533E+01,
18:55:44.71445193, 2.9867E+00, 9.3333E-01, 1.2267E+01,
18:55:44.71445198, 2.9733E+00, 9.2000E-01, 1.2133E+01,
18:55:44.71445203, 3.0000E+00, 8.9333E-01, 1.2133E+01,
18:55:44.71445208, 2.9867E+00, 9.3333E-01, 1.2533E+01,
18:55:44.71445213, 3.0133E+00, 8.9333E-01, 1.2267E+01,
18:55:44.71445218, 3.0000E+00, 8.9333E-01, 1.2667E+01,
18:55:44.71445223, 3.0133E+00, 9.0667E-01, 1.2400E+01,
18:55:44.71445228, 3.0133E+00, 9.3333E-01, 1.2533E+01,
18:55:44.71445233, 3.0000E+00, 9.3333E-01, 1.2400E+01,
18:55:44.71445238, 3.0000E+00, 9.3333E-01, 1.2533E+01,
18:55:44.71445243, 3.0000E+00, 9.3333E-01, 1.2400E+01,
18:55:44.71445248, 3.0133E+00, 9.7333E-01, 1.2800E+01,
18:55:44.71445253, 3.0000E+00, 9.3333E-01, 1.2533E+01,
18:55:44.71445258, 3.0000E+00, 9.4667E-01, 1.2400E+01,
18:55:44.71445263, 2.9867E+00, 9.3333E-01, 1.2400E+01,
18:55:44.71445268, 3.0133E+00, 9.6000E-01, 1.2133E+01,
18:55:44.71445273, 3.0267E+00, 9.6000E-01, 1.2667E+01,
18:55:44.71445278, 3.0133E+00, 9.4667E-01, 1.2267E+01,
18:55:44.71445283, 2.9733E+00, 9.0667E-01, 1.2400E+01,
18:55:44.71445288, 3.0267E+00, 9.3333E-01, 1.2400E+01,
18:55:44.71445293, 2.9867E+00, 9.0667E-01, 1.1867E+01,
18:55:44.71445298, 2.9867E+00, 9.2000E-01, 1.2267E+01,
18:55:44.71445303, 3.0267E+00, 9.0667E-01, 1.2400E+01,
18:55:44.71445308, 3.0000E+00, 9.2000E-01, 1.2533E+01,
18:55:44.71445313, 3.0133E+00, 9.3333E-01, 1.2667E+01,
18:55:44.71445318, 3.0267E+00, 9.3333E-01, 1.2533E+01,
18:55:44.71445323, 3.0133E+00, 9.3333E-01, 1.2667E+01,
18:55:44.71445328, 2.9867E+00, 8.9333E-01, 1.2400E+01,
18:55:44.71445333, 2.9867E+00, 9.2000E-01, 1.2667E+01,
18:55:44.71445338, 2.9867E+00, 8.9333E-01, 1.2267E+01,
18:55:44.71445343, 3.0000E+00, 9.4667E-01, 1.2267E+01,
18:55:44.71445348, 3.0000E+00, 9.2000E-01, 1.2533E+01,
18:55:44.71445353, 3.0000E+00, 9.0667E-01, 1.2800E+01,
18:55:44.71445358, 3.0133E+00, 9.3333E-01, 1.2400E+01,
18:55:44.71445363, 3.0000E+00, 9.2000E-01, 1.2267E+01,
18:55:44.71445368, 2.9733E+00, 9.6000E-01, 1.2533E+01,
18:55:44.71445373, 3.0533E+00, 9.2000E-01, 1.2667E+01,
18:55:44.71445378, 3.0133E+00, 9.4667E-01, 1.2400E+01,
18:55:44.71445383, 2.9733E+00, 9.3333E-01, 1.2533E+01,
18:55:44.71445388, 3.0267E+00, 8.9333E-01, 1.2533E+01,
18:55:44.71445393, 2.9733E+00, 9.2000E-01, 1.2533E+01,
18:55:44.71445398, 3.0267E+00, 9.2000E-01, 1.2533E+01,
18:55:44.71445403, 3.0133E+00, 9.0667E-01, 1.2400E+01,
18:55:44.71445408, 3.0133E+00, 9.0667E-01, 1.2533E+01,
18:55:44.71445413, 3.0133E+00, 9.4667E-01, 1.2533E+01,
18:55:44.71445418, 2.9867E+00, 9.6000E-01, 1.2800E+01,
18:55:44.71445423, 3.0133E+00, 9.4667E-01, 1.2800E+01,
18:55:44.71445428, 3.0267E+00, 9.3333E-01, 1.2533E+01,
18:55:44.71445433, 2.9733E+00, 8.9333E-01, 1.2133E+01,
18:55:44.71445438, 3.0000E+00, 9.0667E-01, 1.2667E+01,
18:55:44.71445443, 3.0000E+00, 9.3333E-01, 1.2533E+01,
18:55:44.71445448, 2.9867E+00, 9.0667E-01, 1.2400E+01,
18:55:44.71445453, 3.0267E+00, 9.2000E-01, 1.2533E+01,
18:55:44.71445458, 3.0000E+00, 9.3333E-01, 1.2800E+01,
18:55:44.71445463, 3.0000E+00, 9.2000E-01, 1.2933E+01,
18:55:44.71445468, 2.9867E+00, 9.2000E-01, 1.2933E+01,
18:55:44.71445473, 3.0000E+00, 9.4667E-01, 1.2933E+01,
18:55:44.71445478, 2.9867E+00, 9.4667E-01, 1.2400E+01,
18:55:44.71445483, 3.0400E+00, 9.2000E-01, 1.2667E+01,
18:55:44.71445488, 2.9733E+00, 9.4667E-01, 1.2533E+01,
18:55:44.71445493, 3.0133E+00, 9.2000E-01, 1.2400E+01,
18:55:44.71445498, 3.0133E+00, 9.2000E-01, 1.2667E+01,
18:55:44.71445503, 3.0133E+00, 9.3333E-01, 1.2667E+01,
18:55:44.71445508, 3.0267E+00, 9.3333E-01, 1.2400E+01,
18:55:44.71445513, 3.0000E+00, 9.4667E-01, 1.2667E+01,
18:55:44.71445518, 3.0267E+00, 9.3333E-01, 1.2533E+01,
18:55:44.71445523, 3.0000E+00, 9.0667E-01, 1.2667E+01,
18:55:44.71445528, 2.9867E+00, 9.3333E-01, 1.2400E+01,
18:55:44.71445533, 3.0000E+00, 9.3333E-01, 1.2667E+01,
18:55:44.71445538, 3.0000E+00, 9.3333E-01, 1.2667E+01,
18:55:44.71445543, 3.0133E+00, 9.2000E-01, 1.2800E+01,
18:55:44.71445548, 3.0267E+00, 9.2000E-01, 1.2933E+01,
18:55:44.71445553, 3.0267E+00, 9.3333E-01, 1.2400E+01,
18:55:44.71445558, 3.0267E+00, 9.2000E-01, 1.2667E+01,
18:55:44.71445563, 3.0267E+00, 9.3333E-01, 1.2667E+01,
18:55:44.71445568, 3.0400E+00, 9.2000E-01, 1.2667E+01,
18:55:44.71445573, 3.0000E+00, 9.4667E-01, 1.2400E+01,
18:55:44.71445578, 3.0000E+00, 9.4667E-01, 1.2533E+01,
18:55:44.71445583, 3.0000E+00, 9.4667E-01, 1.2533E+01,
18:55:44.71445588, 2.9867E+00, 9.0667E-01, 1.2400E+01,
18:55:44.71445593, 2.9867E+00, 9.2000E-01, 1.2933E+01,
18:55:44.71445598, 3.0000E+00, 9.3333E-01, 1.2667E+01,
18:55:44.71445603, 3.0133E+00, 9.3333E-01, 1.2667E+01,
18:55:44.71445608, 3.0000E+00, 9.4667E-01, 1.2667E+01,
18:55:44.71445613, 2.9867E+00, 9.4667E-01, 1.2933E+01,
18:55:44.71445618, 3.0000E+00, 9.3333E-01, 1.2533E+01,
18:55:44.71445623, 3.0133E+00, 9.3333E-01, 1.2400E+01,
18:55:44.71445628, 2.9733E+00, 9.2000E-01, 1.2800E+01,
18:55:44.71445633, 2.9867E+00, 9.3333E-01, 1.2667E+01,
18:55:44.71445638, 3.0133E+00, 9.3333E-01, 1.2800E+01,
18:55:44.71445643, 3.0000E+00, 9.2000E-01, 1.2667E+01,
18:55:44.71445648, 3.0133E+00, 9.0667E-01, 1.2933E+01,
18:55:44.71445653, 3.0267E+00, 9.3333E-01, 1.2933E+01,
18:55:44.71445658, 3.0133E+00, 9.7333E-01, 1.2667E+01,
18:55:44.71445663, 3.0000E+00, 9.4667E-01, 1.2667E+01,
18:55:44.71445668, 3.0000E+00, 9.6000E-01, 1.2800E+01,
18:55:44.71445673, 3.0133E+00, 9.0667E-01, 1.2933E+01,
18:55:44.71445678, 2.9867E+00, 9.6000E-01, 1.2667E+01,
18:55:44.71445683, 2.9867E+00, 9.6000E-01, 1.2533E+01,
18:55:44.71445688, 3.0000E+00, 9.4667E-01, 1.2933E+01,
18:55:44.71445693, 2.9867E+00, 9.6000E-01, 1.2667E+01,
18:55:44.71445698, 3.0133E+00, 9.4667E-01, 1.3067E+01,
18:55:44.71445703, 3.0267E+00, 9.2000E-01, 1.2933E+01,
18:55:44.71445708, 3.0000E+00, 8.9333E-01, 1.2667E+01,
18:55:44.71445713, 3.0133E+00, 9.3333E-01, 1.2933E+01,
18:55:44.71445718, 2.9867E+00, 9.2000E-01, 1.2667E+01,
18:55:44.71445723, 3.0133E+00, 9.2000E-01, 1.2800E+01,
18:55:44.71445728, 2.9600E+00, 9.4667E-01, 1.2667E+01,
18:55:44.71445733, 3.0000E+00, 9.2000E-01, 1.2933E+01,
18:55:44.71445738, 3.0000E+00, 9.6000E-01, 1.2933E+01,
18:55:44.71445743, 3.0000E+00, 9.7333E-01, 1.2800E+01,
18:55:44.71445748, 3.0133E+00, 9.3333E-01, 1.2800E+01,
18:55:44.71445753, 3.0133E+00, 9.3333E-01, 1.2800E+01,
18:55:44.71445758, 3.0000E+00, 8.9333E-01, 1.2933E+01,
18:55:44.71445763, 3.0133E+00, 9.4667E-01, 1.2933E+01,
18:55:44.71445768, 3.0267E+00, 9.3333E-01, 1.2800E+01,
18:55:44.71445773, 3.0000E+00, 9.0667E-01, 1.2933E+01,
18:55:44.71445778, 2.9867E+00, 9.4667E-01, 1.2667E+01,
18:55:44.71445783, 2.9733E+00, 9.3333E-01, 1.2667E+01,
18:55:44.71445788, 2.9867E+00, 9.4667E-01, 1.2800E+01,
18:55:44.71445793, 3.0133E+00, 9.3333E-01, 1.2800E+01,
18:55:44.71445798, 3.0000E+00, 9.6000E-01, 1.2933E+01,
18:55:44.71445803, 3.0000E+00, 9.3333E-01, 1.2533E+01,
18:55:44.71445808, 3.0133E+00, 9.2000E-01, 1.2667E+01,
18:55:44.71445813, 3.0000E+00, 9.4667E-01, 1.3067E+01,
18:55:44.71445818, 3.0133E+00, 9.2000E-01, 1.2933E+01,
18:55:44.71445823, 3.0000E+00, 9.4667E-01, 1.2667E+01,
18:55:44.71445828, 3.0000E+00, 9.4667E-01, 1.2533E+01,
18:55:44.71445833, 3.0000E+00, 9.4667E-01, 1.3067E+01,
18:55:44.71445838, 3.0133E+00, 9.4667E-01, 1.2800E+01,
18:55:44.71445843, 3.0000E+00, 9.2000E-01, 1.2800E+01,
18:55:44.71445848, 3.0000E+00, 9.3333E-01, 1.2533E+01,
18:55:44.71445853, 3.0133E+00, 9.3333E-01, 1.2800E+01,
18:55:44.71445858, 2.9733E+00, 9.3333E-01, 1.2933E+01,
18:55:44.71445863, 2.9867E+00, 9.7333E-01, 1.2667E+01,
18:55:44.71445868, 2.9467E+00, 9.4667E-01, 1.2800E+01,
18:55:44.71445873, 2.9733E+00, 9.6000E-01, 1.2800E+01,
18:55:44.71445878, 2.9867E+00, 9.3333E-01, 1.2800E+01,
18:55:44.71445883, 3.0000E+00, 9.4667E-01, 1.2800E+01,
18:55:44.71445888, 3.0267E+00, 9.2000E-01, 1.2933E+01,
18:55:44.71445893, 3.0133E+00, 9.3333E-01, 1.2800E+01,
18:55:44.71445898, 3.0000E+00, 9.0667E-01, 1.2933E+01,
18:55:44.71445903, 3.0000E+00, 9.3333E-01, 1.2800E+01,
18:55:44.71445908, 2.9867E+00, 9.4667E-01, 1.2800E+01,
18:55:44.71445913, 3.0000E+00, 9.3333E-01, 1.3067E+01,
18:55:44.71445918, 2.9733E+00, 9.3333E-01, 1.2667E+01,
18:55:44.71445923, 3.0133E+00, 9.3333E-01, 1.2800E+01,
18:55:44.71445928, 3.0267E+00, 9.2000E-01, 1.2533E+01,
18:55:44.71445933, 3.0267E+00, 9.4667E-01, 1.2933E+01,
18:55:44.71445938, 3.0133E+00, 9.3333E-01, 1.3067E+01,
18:55:44.71445943, 3.0000E+00, 9.3333E-01, 1.3067E+01,
18:55:44.71445948, 3.0133E+00, 9.4667E-01, 1.2933E+01,
18:55:44.71445953, 2.9867E+00, 9.6000E-01, 1.3067E+01,
18:55:44.71445958, 3.0000E+00, 9.4667E-01, 1.3067E+01,
18:55:44.71445963, 2.9867E+00, 8.9333E-01, 1.3067E+01,
18:55:44.71445968, 3.0000E+00, 9.3333E-01, 1.2667E+01,
18:55:44.71445973, 3.0000E+00, 9.4667E-01, 1.2933E+01,
18:55:44.71445978, 3.0133E+00, 9.4667E-01, 1.3067E+01,
18:55:44.71445983, 2.9733E+00, 8.9333E-01, 1.2800E+01,
18:55:44.71445988, 3.0000E+00, 9.4667E-01, 1.3067E+01,
18:55:44.71445993, 3.0133E+00, 9.4667E-01, 1.3067E+01,
18:55:44.71445998, 2.9867E+00, 9.6000E-01, 1.3067E+01,
18:55:44.71446003, 3.0000E+00, 9.3333E-01, 1.3067E+01,
18:55:44.71446008, 2.9867E+00, 9.4667E-01, 1.3067E+01,
18:55:44.71446013, 2.9733E+00, 9.6000E-01, 1.3067E+01,
18:55:44.71446018, 3.0133E+00, 9.4667E-01, 1.2933E+01,
18:55:44.71446023, 3.0000E+00, 9.7333E-01, 1.3067E+01,
18:55:44.71446028, 3.0267E+00, 9.3333E-01, 1.3067E+01,
18:55:44.71446033, 3.0267E+00, 9.3333E-01, 1.2933E+01,
18:55:44.71446038, 3.0000E+00, 9.7333E-01, 1.2800E+01,
18:55:44.71446043, 3.0267E+00, 9.2000E-01, 1.2933E+01,
18:55:44.71446048, 3.0000E+00, 9.7333E-01, 1.2800E+01,
18:55:44.71446053, 3.0133E+00, 9.6000E-01, 1.2933E+01,
18:55:44.71446058, 2.9867E+00, 9.4667E-01, 1.2933E+01,
18:55:44.71446063, 2.9600E+00, 9.6000E-01, 1.2800E+01,
18:55:44.71446068, 3.0133E+00, 9.3333E-01, 1.3067E+01,
18:55:44.71446073, 2.9867E+00, 9.6000E-01, 1.2533E+01,
18:55:44.71446078, 3.0133E+00, 9.4667E-01, 1.2800E+01,
18:55:44.71446083, 3.0000E+00, 9.6000E-01, 1.3067E+01,
18:55:44.71446088, 3.0133E+00, 9.6000E-01, 1.3067E+01,
18:55:44.71446093, 3.0267E+00, 9.6000E-01, 1.2933E+01,
18:55:44.71446098, 3.0000E+00, 9.3333E-01, 1.3067E+01,
18:55:44.71446103, 2.9867E+00, 9.6000E-01, 1.2933E+01,
18:55:44.71446108, 2.9867E+00, 9.7333E-01, 1.2933E+01,
18:55:44.71446113, 3.0133E+00, 9.4667E-01, 1.3200E+01,
18:55:44.71446118, 2.9600E+00, 9.6000E-01, 1.2933E+01,
18:55:44.71446123, 3.0267E+00, 9.6000E-01, 1.3067E+01,
18:55:44.71446128, 2.5467E+00, 1.6400E+00, 1.3067E+01,
18:55:44.71446133, 1.3867E+00, 1.7467E+00, 1.3067E+01,
18:55:44.71446138, 9.6000E-01, 1.3200E+00, 1.2933E+01,
18:55:44.71446143, 7.0667E-01, 1.2800E+00, 1.2800E+01,
18:55:44.71446148, 7.3333E-01, 1.2400E+00, 1.2800E+01,
18:55:44.71446153, 6.6667E-01, 1.2533E+00, 1.2800E+01,
18:55:44.71446158, 6.6667E-01, 1.2133E+00, 1.2667E+01,
18:55:44.71446163, 6.5333E-01, 1.2000E+00, 1.2667E+01,
18:55:44.71446168, 6.5333E-01, 1.2000E+00, 1.2400E+01,
18:55:44.71446173, 6.4000E-01, 1.1867E+00, 1.2667E+01,
18:55:44.71446178, 6.2667E-01, 1.2400E+00, 1.2533E+01,
18:55:44.71446183, 6.4000E-01, 1.2133E+00, 1.2267E+01,
18:55:44.71446188, 6.2667E-01, 1.2000E+00, 1.2667E+01,
18:55:44.71446193, 6.1333E-01, 1.2133E+00, 1.2267E+01,
18:55:44.71446198, 6.0000E-01, 1.2000E+00, 1.2267E+01,
18:55:44.71446203, 6.0000E-01, 1.2267E+00, 1.2267E+01,
18:55:44.71446208, 6.0000E-01, 1.2400E+00, 1.2000E+01,
18:55:44.71446213, 6.0000E-01, 1.2267E+00, 1.1867E+01,
18:55:44.71446218, 5.8667E-01, 1.2533E+00, 1.2133E+01,
18:55:44.71446223, 6.0000E-01, 1.2667E+00, 1.2133E+01,
18:55:44.71446228, 6.1333E-01, 1.2533E+00, 1.1867E+01,
18:55:44.71446233, 6.0000E-01, 1.2533E+00, 1.1600E+01,
18:55:44.71446238, 5.7333E-01, 1.2267E+00, 1.1600E+01,
18:55:44.71446243, 6.0000E-01, 1.2400E+00, 1.1733E+01,
18:55:44.71446248, 5.7333E-01, 1.2667E+00, 1.1600E+01,
18:55:44.71446253, 5.7333E-01, 1.2667E+00, 1.1733E+01,
18:55:44.71446258, 6.1333E-01, 1.2400E+00, 1.1467E+01,
18:55:44.71446263, 5.7333E-01, 1.2667E+00, 1.1600E+01,
18:55:44.71446268, 5.8667E-01, 1.2533E+00, 1.1467E+01,
18:55:44.71446273, 5.6000E-01, 1.2800E+00, 1.1600E+01,
18:55:44.71446278, 5.6000E-01, 1.2800E+00, 1.1467E+01,
18:55:44.71446283, 5.8667E-01, 1.2667E+00, 1.1467E+01,
18:55:44.71446288, 5.8667E-01, 1.2800E+00, 1.1733E+01,
18:55:44.71446293, 5.6000E-01, 1.2933E+00, 1.1467E+01,
18:55:44.71446298, 5.6000E-01, 1.2933E+00, 1.1067E+01,
18:55:44.71446303, 5.4667E-01, 1.3067E+00, 1.1067E+01,
18:55:44.71446308, 5.6000E-01, 1.2933E+00, 1.0933E+01,
18:55:44.71446313, 5.4667E-01, 1.2933E+00, 1.0800E+01,
18:55:44.71446318, 5.4667E-01, 1.3333E+00, 1.0800E+01,
18:55:44.71446323, 5.6000E-01, 1.2933E+00, 1.1067E+01,
18:55:44.71446328, 5.7333E-01, 1.3067E+00, 1.0400E+01,
18:55:44.71446333, 5.4667E-01, 1.3200E+00, 1.0533E+01,
18:55:44.71446338, 5.4667E-01, 1.3200E+00, 1.0933E+01,
18:55:44.71446343, 5.4667E-01, 1.3467E+00, 1.0667E+01,
18:55:44.71446348, 5.7333E-01, 1.3467E+00, 1.0267E+01,
18:55:44.71446353, 5.6000E-01, 1.3200E+00, 1.0400E+01,
18:55:44.71446358, 5.8667E-01, 1.3333E+00, 1.0267E+01,
18:55:44.71446363, 5.4667E-01, 1.3333E+00, 1.0267E+01,
18:55:44.71446368, 5.7333E-01, 1.3467E+00, 1.0267E+01,
18:55:44.71446373, 5.6000E-01, 1.3467E+00, 1.0267E+01,
18:55:44.71446378, 5.8667E-01, 1.3333E+00, 1.0267E+01,
18:55:44.71446383, 5.4667E-01, 1.3467E+00, 1.0267E+01,
18:55:44.71446388, 5.6000E-01, 1.3467E+00, 1.0133E+01,
18:55:44.71446393, 5.2000E-01, 1.3333E+00, 1.0267E+01,
18:55:44.71446398, 5.4667E-01, 1.3600E+00, 9.8667E+00,
18:55:44.71446403, 5.2000E-01, 1.3333E+00, 9.7333E+00,
18:55:44.71446408, 5.4667E-01, 1.3733E+00, 9.6000E+00,
18:55:44.71446413, 5.6000E-01, 1.4000E+00, 9.2000E+00,
18:55:44.71446418, 5.3333E-01, 1.3867E+00, 9.4667E+00,
18:55:44.71446423, 5.3333E-01, 1.4000E+00, 9.4667E+00,
18:55:44.71446428, 5.4667E-01, 1.3600E+00, 9.3333E+00,
18:55:44.71446433, 5.2000E-01, 1.4000E+00, 9.2000E+00,
18:55:44.71446438, 5.2000E-01, 1.4133E+00, 9.2000E+00,
18:55:44.71446443, 5.6000E-01, 1.4400E+00, 9.0667E+00,
18:55:44.71446448, 5.3333E-01, 1.4133E+00, 9.3333E+00,
18:55:44.71446453, 5.2000E-01, 1.3600E+00, 9.0667E+00,
18:55:44.71446458, 5.4667E-01, 1.4267E+00, 8.9333E+00,
18:55:44.71446463, 5.3333E-01, 1.4267E+00, 8.9333E+00,
18:55:44.71446468, 5.6000E-01, 1.4267E+00, 8.9333E+00,
18:55:44.71446473, 5.6000E-01, 1.4133E+00, 8.8000E+00,
18:55:44.71446478, 5.3333E-01, 1.4267E+00, 8.8000E+00,
18:55:44.71446483, 5.4667E-01, 1.4267E+00, 8.8000E+00,
18:55:44.71446488, 5.4667E-01, 1.4267E+00, 8.8000E+00,
18:55:44.71446493, 5.2000E-01, 1.4267E+00, 8.5333E+00,
18:55:44.71446498, 5.2000E-01, 1.4400E+00, 8.1333E+00,
18:55:44.71446503, 5.4667E-01, 1.4267E+00, 8.2667E+00,
18:55:44.71446508, 5.4667E-01, 1.4533E+00, 8.4000E+00,
18:55:44.71446513, 5.3333E-01, 1.4533E+00, 8.1333E+00,
18:55:44.71446518, 5.2000E-01, 1.4400E+00, 8.0000E+00,
18:55:44.71446523, 5.2000E-01, 1.4400E+00, 8.2667E+00,
18:55:44.71446528, 5.2000E-01, 1.4267E+00, 8.1333E+00,
18:55:44.71446533, 5.0667E-01, 1.4533E+00, 7.8667E+00,
18:55:44.71446538, 5.2000E-01, 1.4400E+00, 7.7333E+00,
18:55:44.71446543, 5.2000E-01, 1.4533E+00, 7.6000E+00,
18:55:44.71446548, 5.2000E-01, 1.4533E+00, 7.4667E+00,
18:55:44.71446553, 5.2000E-01, 1.4667E+00, 7.4667E+00,
18:55:44.71446558, 5.2000E-01, 1.4667E+00, 6.9333E+00,
18:55:44.71446563, 5.4667E-01, 1.4667E+00, 7.0667E+00,
18:55:44.71446568, 5.3333E-01, 1.4667E+00, 7.2000E+00,
18:55:44.71446573, 5.2000E-01, 1.4667E+00, 7.3333E+00,
18:55:44.71446578, 5.2000E-01, 1.4800E+00, 7.2000E+00,
18:55:44.71446583, 5.2000E-01, 1.4667E+00, 6.9333E+00,
18:55:44.71446588, 5.0667E-01, 1.4800E+00, 6.9333E+00,
18:55:44.71446593, 5.2000E-01, 1.4667E+00, 6.6667E+00,
18:55:44.71446598, 5.2000E-01, 1.4400E+00, 6.8000E+00,
18:55:44.71446603, 5.0667E-01, 1.4667E+00, 6.5333E+00,
18:55:44.71446608, 5.2000E-01, 1.4800E+00, 6.4000E+00,
18:55:44.71446613, 5.0667E-01, 1.4533E+00, 6.4000E+00,
18:55:44.71446618, 5.2000E-01, 1.4933E+00, 6.6667E+00,
18:55:44.71446623, 5.0667E-01, 1.4667E+00, 6.1333E+00,
18:55:44.71446628, 5.2000E-01, 1.4533E+00, 6.4000E+00,
18:55:44.71446633, 5.0667E-01, 1.4533E+00, 5.8667E+00,
18:55:44.71446638, 5.0667E-01, 1.4933E+00, 6.0000E+00,
18:55:44.71446643, 4.8000E-01, 1.4800E+00, 6.1333E+00,
18:55:44.71446648, 4.9333E-01, 1.4933E+00, 5.8667E+00,
18:55:44.71446653, 5.2000E-01, 1.4533E+00, 5.6000E+00,
18:55:44.71446658, 5.2000E-01, 1.5200E+00, 5.4667E+00,
18:55:44.71446663, 5.2000E-01, 1.4933E+00, 5.4667E+00,
18:55:44.71446668, 5.2000E-01, 1.4800E+00, 5.7333E+00,
18:55:44.71446673, 5.0667E-01, 1.4933E+00, 5.3333E+00,
18:55:44.71446678, 4.9333E-01, 1.4800E+00, 5.3333E+00,
18:55:44.71446683, 4.8000E-01, 1.4667E+00, 5.2000E+00,
18:55:44.71446688, 5.0667E-01, 1.4933E+00, 5.0667E+00,
18:55:44.71446693, 4.9333E-01, 1.4933E+00, 5.0667E+00,
18:55:44.71446698, 4.5333E-01, 1.4800E+00, 4.6667E+00,
18:55:44.71446703, 5.0667E-01, 1.4933E+00, 4.8000E+00,
18:55:44.71446708, 5.0667E-01, 1.4933E+00, 4.6667E+00,
18:55:44.71446713, 5.2000E-01, 1.4933E+00, 4.6667E+00,
18:55:44.71446718, 5.0667E-01, 1.5067E+00, 4.2667E+00,
18:55:44.71446723, 4.9333E-01, 1.4800E+00, 4.4000E+00,
18:55:44.71446728, 5.0667E-01, 1.5200E+00, 4.4000E+00,
18:55:44.71446733, 5.0667E-01, 1.5067E+00, 4.2667E+00,
18:55:44.71446738, 5.0667E-01, 1.4667E+00, 4.2667E+00,
18:55:44.71446743, 4.9333E-01, 1.5067E+00, 3.8667E+00,
18:55:44.71446748, 4.6667E-01, 1.4533E+00, 4.0000E+00,
18:55:44.71446753, 5.2000E-01, 1.4533E+00, 3.7333E+00,
18:55:44.71446758, 4.9333E-01, 1.4933E+00, 3.7333E+00,
18:55:44.71446763, 4.8000E-01, 1.4933E+00, 3.6000E+00,
18:55:44.71446768, 5.0667E-01, 1.5200E+00, 3.4667E+00,
18:55:44.71446773, 4.9333E-01, 1.5067E+00, 3.4667E+00,
18:55:44.71446778, 4.6667E-01, 1.5067E+00, 3.4667E+00,
18:55:44.71446783, 4.8000E-01, 1.5333E+00, 3.3333E+00,
18:55:44.71446788, 4.8000E-01, 1.5200E+00, 3.2000E+00,
18:55:44.71446793, 5.2000E-01, 1.5067E+00, 2.9333E+00,
18:55:44.71446798, 5.0667E-01, 1.4800E+00, 3.4667E+00,
18:55:44.71446803, 4.9333E-01, 1.4667E+00, 2.9333E+00,
18:55:44.71446808, 5.0667E-01, 1.5200E+00, 2.8000E+00,
18:55:44.71446813, 4.8000E-01, 1.5067E+00, 2.6667E+00,
18:55:44.71446818, 4.9333E-01, 1.4933E+00, 2.5333E+00,
18:55:44.71446823, 4.9333E-01, 1.5067E+00, 2.8000E+00,
18:55:44.71446828, 4.8000E-01, 1.5067E+00, 2.6667E+00,
18:55:44.71446833, 4.6667E-01, 1.5067E+00, 2.8000E+00,
18:55:44.71446838, 4.8000E-01, 1.4933E+00, 2.4000E+00,
18:55:44.71446843, 4.5333E-01, 1.4667E+00, 2.6667E+00,
18:55:44.71446848, 4.6667E-01, 1.4800E+00, 2.1333E+00,
18:55:44.71446853, 4.8000E-01, 1.4933E+00, 2.0000E+00,
18:55:44.71446858, 4.8000E-01, 1.4933E+00, 2.1333E+00,
18:55:44.71446863, 4.8000E-01, 1.4933E+00, 2.1333E+00,
18:55:44.71446868, 4.5333E-01, 1.4800E+00, 1.7333E+00,
18:55:44.71446873, 4.5333E-01, 1.4933E+00, 2.1333E+00,
18:55:44.71446878, 4.4000E-01, 1.5200E+00, 1.8667E+00,
18:55:44.71446883, 4.5333E-01, 1.4933E+00, 1.7333E+00,
18:55:44.71446888, 4.5333E-01, 1.4933E+00, 1.4667E+00,
18:55:44.71446893, 4.8000E-01, 1.4800E+00, 1.4667E+00,
18:55:44.71446898, 4.6667E-01, 1.4800E+00, 1.3333E+00,
18:55:44.71446903, 4.8000E-01, 1.4800E+00, 1.3333E+00,
18:55:44.71446908, 4.8000E-01, 1.4933E+00, 1.0667E+00,
18:55:44.71446913, 4.2667E-01, 1.4800E+00, 8.0000E-01,
18:55:44.71446918, 4.8000E-01, 1.4933E+00, 1.0667E+00,
18:55:44.71446923, 4.6667E-01, 1.4400E+00, 1.0667E+00,
18:55:44.71446928, 4.5333E-01, 1.4800E+00, 6.6667E-01,
18:55:44.71446933, 4.6667E-01, 1.4667E+00, 6.6667E-01,
18:55:44.71446938, 4.5333E-01, 1.4800E+00, 6.6667E-01,
18:55:44.71446943, 4.5333E-01, 1.4533E+00, 5.3333E-01,
18:55:44.71446948, 4.4000E-01, 1.4667E+00, 4.0000E-01,
18:55:44.71446953, 4.5333E-01, 1.4800E+00, 4.0000E-01,
18:55:44.71446958, 4.5333E-01, 1.4533E+00, 1.3333E-01,
18:55:44.71446963, 4.4000E-01, 1.4400E+00, 4.0000E-01,
18:55:44.71446968, 4.1333E-01, 1.4800E+00, 0.0000E+00,
18:55:44.71446973, 4.4000E-01, 1.4667E+00,-1.3333E-01,
18:55:44.71446978, 4.5333E-01, 1.4800E+00, 2.6667E-01,
18:55:44.71446983, 4.5333E-01, 1.4533E+00,-2.6667E-01,
18:55:44.71446988, 4.5333E-01, 1.4533E+00,-4.0000E-01,
18:55:44.71446993, 4.6667E-01, 1.4667E+00,-2.6667E-01,
18:55:44.71446998, 4.2667E-01, 1.4400E+00,-2.6667E-01,
18:55:44.71447003, 4.6667E-01, 1.4400E+00,-5.3333E-01,
18:55:44.71447008, 4.2667E-01, 1.4533E+00,-6.6667E-01,
18:55:44.71447013, 4.1333E-01, 1.4267E+00,-8.0000E-01,
18:55:44.71447018, 4.1333E-01, 1.4267E+00,-5.3333E-01,
18:55:44.71447023, 4.1333E-01, 1.4267E+00,-8.0000E-01,
18:55:44.71447028, 4.2667E-01, 1.4267E+00,-6.6667E-01,
18:55:44.71447033, 4.1333E-01, 1.4267E+00,-8.0000E-01,
18:55:44.71447038, 4.4000E-01, 1.4533E+00,-6.6667E-01,
18:55:44.71447043, 4.5333E-01, 1.4267E+00,-1.2000E+00,
18:55:44.71447048, 4.5333E-01, 1.4267E+00,-8.0000E-01,
18:55:44.71447053, 4.4000E-01, 1.4267E+00,-1.0667E+00,
18:55:44.71447058, 4.4000E-01, 1.4133E+00,-1.3333E+00,
18:55:44.71447063, 4.0000E-01, 1.4267E+00,-1.3333E+00,
18:55:44.71447068, 4.1333E-01, 1.4267E+00,-1.3333E+00,
18:55:44.71447073, 4.2667E-01, 1.4267E+00,-1.4667E+00,
18:55:44.71447078, 4.0000E-01, 1.4267E+00,-2.0000E+00,
18:55:44.71447083, 4.2667E-01, 1.4267E+00,-1.7333E+00,
18:55:44.71447088, 4.2667E-01, 1.4267E+00,-1.7333E+00,
18:55:44.71447093, 4.2667E-01, 1.4133E+00,-1.7333E+00,
18:55:44.71447098, 4.1333E-01, 1.4133E+00,-2.0000E+00,
18:55:44.71447103, 4.1333E-01, 1.4000E+00,-2.0000E+00,
18:55:44.71447108, 4.2667E-01, 1.4133E+00,-2.2667E+00,
18:55:44.71447113, 4.4000E-01, 1.4267E+00,-2.2667E+00,
18:55:44.71447118, 4.0000E-01, 1.4000E+00,-2.1333E+00,
18:55:44.71447123, 4.2667E-01, 1.4000E+00,-2.4000E+00,
18:55:44.71447128, 4.2667E-01, 1.4267E+00,-2.2667E+00,
18:55:44.71447133, 4.4000E-01, 1.4000E+00,-2.6667E+00,
18:55:44.71447138, 4.0000E-01, 1.4000E+00,-2.6667E+00,
18:55:44.71447143, 4.2667E-01, 1.4000E+00,-2.1333E+00,
18:55:44.71447148, 4.1333E-01, 1.3733E+00,-2.4000E+00,
18:55:44.71447153, 4.0000E-01, 1.4000E+00,-2.5333E+00,
18:55:44.71447158, 4.1333E-01, 1.3600E+00,-2.8000E+00,
18:55:44.71447163, 3.7333E-01, 1.3733E+00,-2.9333E+00,
18:55:44.71447168, 4.0000E-01, 1.3733E+00,-2.8000E+00,
18:55:44.71447173, 4.1333E-01, 1.3867E+00,-2.9333E+00,
18:55:44.71447178, 3.7333E-01, 1.3067E+00,-2.9333E+00,
18:55:44.71447183, 3.8667E-01, 1.3733E+00,-3.3333E+00,
18:55:44.71447188, 4.1333E-01, 1.3600E+00,-3.0667E+00,
18:55:44.71447193, 4.1333E-01, 1.3600E+00,-3.4667E+00,
18:55:44.71447198, 4.1333E-01, 1.3467E+00,-3.0667E+00,
18:55:44.71447203, 3.8667E-01, 1.3467E+00,-3.3333E+00,
18:55:44.71447208, 3.8667E-01, 1.3600E+00,-3.4667E+00,
18:55:44.71447213, 4.0000E-01, 1.3200E+00,-3.4667E+00,
18:55:44.71447218, 3.8667E-01, 1.3333E+00,-3.4667E+00,
18:55:44.71447223, 4.0000E-01, 1.3200E+00,-3.3333E+00,
18:55:44.71447228, 3.8667E-01, 1.3200E+00,-3.4667E+00,
18:55:44.71447233, 4.1333E-01, 1.2933E+00,-4.0000E+00,
18:55:44.71447238, 4.0000E-01, 1.3333E+00,-3.7333E+00,
18:55:44.71447243, 3.8667E-01, 1.3467E+00,-4.0000E+00,
18:55:44.71447248, 3.8667E-01, 1.3067E+00,-3.7333E+00,
18:55:44.71447253, 4.1333E-01, 1.3067E+00,-4.0000E+00,
18:55:44.71447258, 3.8667E-01, 1.3067E+00,-3.8667E+00,
18:55:44.71447263, 3.8667E-01, 1.3200E+00,-4.1333E+00,
18:55:44.71447268, 3.7333E-01, 1.2933E+00,-4.0000E+00,
18:55:44.71447273, 3.7333E-01, 1.3200E+00,-3.8667E+00,
18:55:44.71447278, 4.0000E-01, 1.2933E+00,-3.8667E+00,
18:55:44.71447283, 3.8667E-01, 1.3067E+00,-4.2667E+00,
18:55:44.71447288, 3.6000E-01, 1.2933E+00,-4.2667E+00,
18:55:44.71447293, 4.1333E-01, 1.2800E+00,-4.5333E+00,
18:55:44.71447298, 3.6000E-01, 1.2800E+00,-4.1333E+00,
18:55:44.71447303, 3.7333E-01, 1.2800E+00,-4.4000E+00,
18:55:44.71447308, 3.4667E-01, 1.2933E+00,-4.5333E+00,
18:55:44.71447313, 3.6000E-01, 1.2800E+00,-4.6667E+00,
18:55:44.71447318, 3.7333E-01, 1.2800E+00,-4.8000E+00,
18:55:44.71447323, 3.7333E-01, 1.2667E+00,-4.6667E+00,
18:55:44.71447328, 3.7333E-01, 1.2800E+00,-4.8000E+00,
18:55:44.71447333, 3.8667E-01, 1.2667E+00,-4.8000E+00,
18:55:44.71447338, 3.7333E-01, 1.2800E+00,-4.8000E+00,
18:55:44.71447343, 3.7333E-01, 1.2533E+00,-4.8000E+00,
18:55:44.71447348, 3.7333E-01, 1.2400E+00,-4.8000E+00,
18:55:44.71447353, 3.3333E-01, 1.2667E+00,-5.0667E+00,
18:55:44.71447358, 3.6000E-01, 1.2667E+00,-4.8000E+00,
18:55:44.71447363, 3.6000E-01, 1.2267E+00,-4.6667E+00,
18:55:44.71447368, 3.4667E-01, 1.2667E+00,-4.8000E+00,
18:55:44.71447373, 3.7333E-01, 1.2267E+00,-4.9333E+00,
18:55:44.71447378, 3.4667E-01, 1.2267E+00,-5.0667E+00,
18:55:44.71447383, 3.8667E-01, 1.2400E+00,-5.2000E+00,
18:55:44.71447388, 3.7333E-01, 1.2133E+00,-4.9333E+00,
18:55:44.71447393, 3.6000E-01, 1.2400E+00,-5.2000E+00,
18:55:44.71447398, 3.6000E-01, 1.2400E+00,-5.0667E+00,
18:55:44.71447403, 3.3333E-01, 1.2400E+00,-5.2000E+00,
18:55:44.71447408, 3.4667E-01, 1.1867E+00,-5.0667E+00,
18:55:44.71447413, 3.6000E-01, 1.1867E+00,-5.4667E+00,
18:55:44.71447418, 3.6000E-01, 1.1867E+00,-5.6000E+00,
18:55:44.71447423, 3.3333E-01, 1.2133E+00,-5.4667E+00,
18:55:44.71447428, 3.7333E-01, 1.1867E+00,-5.2000E+00,
18:55:44.71447433, 3.6000E-01, 1.1733E+00,-5.4667E+00,
18:55:44.71447438, 3.3333E-01, 1.1600E+00,-5.7333E+00,
18:55:44.71447443, 3.7333E-01, 1.1733E+00,-5.6000E+00,
18:55:44.71447448, 3.0667E-01, 1.1733E+00,-5.6000E+00,
18:55:44.71447453, 3.6000E-01, 1.1600E+00,-5.3333E+00,
18:55:44.71447458, 3.2000E-01, 1.1733E+00,-5.6000E+00,
18:55:44.71447463, 3.7333E-01, 1.1867E+00,-5.6000E+00,
18:55:44.71447468, 3.6000E-01, 1.1600E+00,-5.6000E+00,
18:55:44.71447473, 3.2000E-01, 1.1600E+00,-5.6000E+00,
18:55:44.71447478, 3.3333E-01, 1.2000E+00,-5.7333E+00,
18:55:44.71447483, 3.3333E-01, 1.1733E+00,-5.4667E+00,
18:55:44.71447488, 3.7333E-01, 1.1467E+00,-5.8667E+00,
18:55:44.71447493, 3.2000E-01, 1.1600E+00,-6.0000E+00,
18:55:44.71447498, 3.3333E-01, 1.1467E+00,-6.0000E+00,
18:55:44.71447503, 3.2000E-01, 1.1600E+00,-5.7333E+00,
18:55:44.71447508, 3.2000E-01, 1.1467E+00,-5.8667E+00,
18:55:44.71447513, 3.3333E-01, 1.1333E+00,-6.0000E+00,
18:55:44.71447518, 3.4667E-01, 1.1467E+00,-5.7333E+00,
18:55:44.71447523, 3.6000E-01, 1.1333E+00,-6.1333E+00,
18:55:44.71447528, 3.2000E-01, 1.1467E+00,-5.8667E+00,
18:55:44.71447533, 3.4667E-01, 1.1333E+00,-6.1333E+00,
18:55:44.71447538, 3.0667E-01, 1.1600E+00,-5.7333E+00,
18:55:44.71447543, 3.0667E-01, 1.1467E+00,-6.1333E+00,
18:55:44.71447548, 3.3333E-01, 1.1067E+00,-6.1333E+00,
18:55:44.71447553, 3.0667E-01, 1.1200E+00,-5.6000E+00,
18:55:44.71447558, 3.2000E-01, 1.1200E+00,-6.1333E+00,
18:55:44.71447563, 3.2000E-01, 1.1067E+00,-5.7333E+00,
18:55:44.71447568, 3.4667E-01, 1.0933E+00,-6.2667E+00,
18:55:44.71447573, 3.3333E-01, 1.1067E+00,-6.1333E+00,
18:55:44.71447578, 3.2000E-01, 1.0800E+00,-6.1333E+00,
18:55:44.71447583, 3.0667E-01, 1.0800E+00,-6.0000E+00,
18:55:44.71447588, 2.8000E-01, 1.0400E+00,-6.0000E+00,
18:55:44.71447593, 3.0667E-01, 1.0933E+00,-6.0000E+00,
18:55:44.71447598, 2.9333E-01, 1.0667E+00,-6.1333E+00,
18:55:44.71447603, 3.0667E-01, 1.0667E+00,-6.1333E+00,
18:55:44.71447608, 2.9333E-01, 1.0667E+00,-6.1333E+00,
18:55:44.71447613, 3.3333E-01, 1.0800E+00,-6.1333E+00,
18:55:44.71447618, 3.3333E-01, 1.0533E+00,-6.0000E+00,
18:55:44.71447623, 3.0667E-01, 1.0533E+00,-6.4000E+00,
18:55:44.71447628, 2.8000E-01, 1.0667E+00,-6.1333E+00,
18:55:44.71447633, 3.0667E-01, 1.0400E+00,-6.1333E+00,
18:55:44.71447638, 2.8000E-01, 1.0400E+00,-6.1333E+00,
18:55:44.71447643, 3.2000E-01, 1.0267E+00,-6.1333E+00,
18:55:44.71447648, 2.9333E-01, 1.0533E+00,-5.8667E+00,
18:55:44.71447653, 3.0667E-01, 1.0533E+00,-6.1333E+00,
18:55:44.71447658, 2.9333E-01, 1.0267E+00,-6.2667E+00,
18:55:44.71447663, 2.6667E-01, 1.0133E+00,-6.2667E+00,
18:55:44.71447668, 2.8000E-01, 1.0267E+00,-6.1333E+00,
18:55:44.71447673, 3.2000E-01, 1.0267E+00,-6.1333E+00,
18:55:44.71447678, 2.9333E-01, 1.0267E+00,-6.1333E+00,
18:55:44.71447683, 2.9333E-01, 1.0267E+00,-6.2667E+00,
18:55:44.71447688, 2.8000E-01, 1.0133E+00,-6.1333E+00,
18:55:44.71447693, 2.4000E-01, 1.0133E+00,-6.5333E+00,
18:55:44.71447698, 3.0667E-01, 1.0000E+00,-6.4000E+00,
18:55:44.71447703, 2.8000E-01, 1.0000E+00,-6.1333E+00,
18:55:44.71447708, 3.2000E-01, 9.8667E-01,-6.1333E+00,
18:55:44.71447713, 2.9333E-01, 1.0000E+00,-6.1333E+00,
18:55:44.71447718, 2.8000E-01, 1.0000E+00,-6.2667E+00,
18:55:44.71447723, 2.8000E-01, 9.7333E-01,-6.1333E+00,
18:55:44.71447728, 2.6667E-01, 1.0000E+00,-6.1333E+00,
18:55:44.71447733, 2.6667E-01, 1.0133E+00,-6.4000E+00,
18:55:44.71447738, 2.8000E-01, 1.0267E+00,-6.1333E+00,
18:55:44.71447743, 2.9333E-01, 9.6000E-01,-6.2667E+00,
18:55:44.71447748, 2.9333E-01, 9.8667E-01,-6.1333E+00,
18:55:44.71447753, 2.6667E-01, 9.8667E-01,-6.0000E+00,
18:55:44.71447758, 2.9333E-01, 9.6000E-01,-6.1333E+00,
18:55:44.71447763, 2.6667E-01, 9.7333E-01,-6.1333E+00,
18:55:44.71447768, 2.6667E-01, 9.8667E-01,-6.1333E+00,
18:55:44.71447773, 2.6667E-01, 9.6000E-01,-6.4000E+00,
18:55:44.71447778, 2.5333E-01, 9.2000E-01,-6.1333E+00,
18:55:44.71447783, 2.4000E-01, 9.4667E-01,-6.1333E+00,
18:55:44.71447788, 2.2667E-01, 9.4667E-01,-6.2667E+00,
18:55:44.71447793, 2.4000E-01, 9.2000E-01,-5.8667E+00,
18:55:44.71447798, 2.4000E-01, 9.4667E-01,-5.8667E+00,
18:55:44.71447803, 2.4000E-01, 9.2000E-01,-6.1333E+00,
18:55:44.71447808, 2.2667E-01, 9.3333E-01,-5.8667E+00,
18:55:44.71447813, 2.5333E-01, 9.3333E-01,-6.2667E+00,
18:55:44.71447818, 2.9333E-01, 9.2000E-01,-6.1333E+00,
18:55:44.71447823, 2.6667E-01, 9.4667E-01,-6.2667E+00,
18:55:44.71447828, 2.2667E-01, 9.0667E-01,-5.8667E+00,
18:55:44.71447833, 2.4000E-01, 9.2000E-01,-6.0000E+00,
18:55:44.71447838, 2.4000E-01, 9.3333E-01,-5.7333E+00,
18:55:44.71447843, 2.6667E-01, 9.4667E-01,-6.1333E+00,
18:55:44.71447848, 2.6667E-01, 8.9333E-01,-5.6000E+00,
18:55:44.71447853, 2.5333E-01, 8.9333E-01,-5.7333E+00,
18:55:44.71447858, 2.6667E-01, 8.9333E-01,-6.0000E+00,
18:55:44.71447863, 2.6667E-01, 8.9333E-01,-6.0000E+00,
18:55:44.71447868, 2.8000E-01, 8.9333E-01,-6.0000E+00,
18:55:44.71447873, 2.4000E-01, 9.0667E-01,-5.7333E+00,
18:55:44.71447878, 2.5333E-01, 8.9333E-01,-5.7333E+00,
18:55:44.71447883, 2.4000E-01, 8.9333E-01,-5.6000E+00,
18:55:44.71447888, 2.5333E-01, 8.9333E-01,-5.8667E+00,
18:55:44.71447893, 2.6667E-01, 8.9333E-01,-5.7333E+00,
18:55:44.71447898, 2.4000E-01, 8.9333E-01,-6.1333E+00,
18:55:44.71447903, 2.2667E-01, 8.6667E-01,-5.3333E+00,
18:55:44.71447908, 2.6667E-01, 8.5333E-01,-5.4667E+00,
18:55:44.71447913, 2.8000E-01, 8.6667E-01,-5.6000E+00,
18:55:44.71447918, 2.5333E-01, 8.6667E-01,-5.7333E+00,
18:55:44.71447923, 2.8000E-01, 8.2667E-01,-5.6000E+00,
18:55:44.71447928, 2.2667E-01, 8.5333E-01,-5.6000E+00,
18:55:44.71447933, 2.2667E-01, 8.5333E-01,-5.6000E+00,
18:55:44.71447938, 2.6667E-01, 8.6667E-01,-5.2000E+00,
18:55:44.71447943, 2.5333E-01, 8.6667E-01,-5.3333E+00,
18:55:44.71447948, 2.2667E-01, 8.5333E-01,-5.2000E+00,
18:55:44.71447953, 2.8000E-01, 8.4000E-01,-5.4667E+00,
18:55:44.71447958, 2.8000E-01, 8.6667E-01,-5.4667E+00,
18:55:44.71447963, 2.4000E-01, 8.5333E-01,-5.4667E+00,
18:55:44.71447968, 2.2667E-01, 8.2667E-01,-5.3333E+00,
18:55:44.71447973, 2.2667E-01, 8.4000E-01,-5.7333E+00,
18:55:44.71447978, 2.1333E-01, 8.2667E-01,-4.9333E+00,
18:55:44.71447983, 2.2667E-01, 8.5333E-01,-5.0667E+00,
18:55:44.71447988, 2.4000E-01, 8.5333E-01,-5.0667E+00,
18:55:44.71447993, 2.4000E-01, 8.2667E-01,-4.9333E+00,
18:55:44.71447998, 2.5333E-01, 8.2667E-01,-5.0667E+00,
18:55:44.71448003, 2.4000E-01, 8.2667E-01,-4.9333E+00,
18:55:44.71448008, 2.1333E-01, 8.0000E-01,-5.0667E+00,
18:55:44.71448013, 2.4000E-01, 8.2667E-01,-4.9333E+00,
18:55:44.71448018, 2.2667E-01, 8.2667E-01,-4.9333E+00,
18:55:44.71448023, 2.2667E-01, 8.1333E-01,-4.9333E+00,
18:55:44.71448028, 2.1333E-01, 8.0000E-01,-4.6667E+00,
18:55:44.71448033, 2.5333E-01, 8.2667E-01,-4.9333E+00,
18:55:44.71448038, 2.1333E-01, 8.1333E-01,-4.8000E+00,
18:55:44.71448043, 2.5333E-01, 8.0000E-01,-4.8000E+00,
18:55:44.71448048, 2.6667E-01, 8.1333E-01,-4.8000E+00,
18:55:44.71448053, 2.1333E-01, 7.8667E-01,-4.8000E+00,
18:55:44.71448058, 2.2667E-01, 8.0000E-01,-4.9333E+00,
18:55:44.71448063, 2.2667E-01, 8.0000E-01,-4.8000E+00,
18:55:44.71448068, 2.2667E-01, 7.8667E-01,-4.8000E+00,
18:55:44.71448073, 2.1333E-01, 7.4667E-01,-4.4000E+00,
18:55:44.71448078, 2.1333E-01, 7.7333E-01,-4.5333E+00,
18:55:44.71448083, 2.2667E-01, 7.8667E-01,-4.1333E+00,
18:55:44.71448088, 2.4000E-01, 7.6000E-01,-4.4000E+00,
18:55:44.71448093, 2.2667E-01, 7.8667E-01,-4.5333E+00,
18:55:44.71448098, 2.2667E-01, 7.7333E-01,-4.2667E+00,
18:55:44.71448103, 2.4000E-01, 7.6000E-01,-4.1333E+00,
18:55:44.71448108, 2.4000E-01, 7.6000E-01,-4.1333E+00,
18:55:44.71448113, 2.1333E-01, 7.6000E-01,-4.2667E+00,
18:55:44.71448118, 2.2667E-01, 7.4667E-01,-4.4000E+00,
18:55:44.71448123, 2.0000E-01, 7.6000E-01,-4.2667E+00,
18:55:44.71448128, 2.0000E-01, 7.8667E-01,-4.0000E+00,
18:55:44.71448133, 2.2667E-01, 7.4667E-01,-3.8667E+00,
18:55:44.71448138, 2.2667E-01, 7.6000E-01,-3.8667E+00,
18:55:44.71448143, 2.2667E-01, 7.7333E-01,-3.6000E+00,
18:55:44.71448148, 2.2667E-01, 7.6000E-01,-3.8667E+00,
18:55:44.71448153, 2.4000E-01, 7.4667E-01,-3.8667E+00,
18:55:44.71448158, 2.2667E-01, 7.4667E-01,-4.0000E+00,
18:55:44.71448163, 2.0000E-01, 7.4667E-01,-4.0000E+00,
18:55:44.71448168, 2.2667E-01, 7.7333E-01,-3.6000E+00,
18:55:44.71448173, 1.7333E-01, 7.6000E-01,-3.7333E+00,
18:55:44.71448178, 2.1333E-01, 7.6000E-01,-3.6000E+00,
18:55:44.71448183, 2.1333E-01, 7.6000E-01,-3.8667E+00,
18:55:44.71448188, 2.1333E-01, 7.4667E-01,-3.8667E+00,
18:55:44.71448193, 2.1333E-01, 7.6000E-01,-3.3333E+00,
18:55:44.71448198, 2.1333E-01, 7.4667E-01,-3.4667E+00,
18:55:44.71448203, 2.2667E-01, 7.3333E-01,-3.2000E+00,
18:55:44.71448208, 2.1333E-01, 7.3333E-01,-3.4667E+00,
18:55:44.71448213, 2.0000E-01, 7.4667E-01,-3.4667E+00,
18:55:44.71448218, 1.8667E-01, 7.4667E-01,-3.3333E+00,
18:55:44.71448223, 2.0000E-01, 7.3333E-01,-3.4667E+00,
18:55:44.71448228, 2.1333E-01, 7.4667E-01,-3.2000E+00,
18:55:44.71448233, 2.2667E-01, 7.4667E-01,-3.4667E+00,
18:55:44.71448238, 2.1333E-01, 7.3333E-01,-3.3333E+00,
18:55:44.71448243, 2.1333E-01, 7.4667E-01,-3.2000E+00,
18:55:44.71448248, 2.1333E-01, 7.3333E-01,-3.0667E+00,
18:55:44.71448253, 2.2667E-01, 7.3333E-01,-2.9333E+00,
18:55:44.71448258, 1.8667E-01, 7.2000E-01,-3.3333E+00,
18:55:44.71448263, 1.7333E-01, 7.4667E-01,-2.9333E+00,
18:55:44.71448268, 1.8667E-01, 7.2000E-01,-2.8000E+00,
18:55:44.71448273, 2.2667E-01, 7.3333E-01,-2.8000E+00,
18:55:44.71448278, 2.0000E-01, 7.4667E-01,-2.6667E+00,
18:55:44.71448283, 2.1333E-01, 7.3333E-01,-2.9333E+00,
18:55:44.71448288, 2.1333E-01, 7.4667E-01,-2.8000E+00,
18:55:44.71448293, 1.7333E-01, 7.2000E-01,-2.5333E+00,
18:55:44.71448298, 1.6000E-01, 7.2000E-01,-2.6667E+00,
18:55:44.71448303, 2.0000E-01, 7.4667E-01,-2.1333E+00,
18:55:44.71448308, 1.7333E-01, 7.4667E-01,-2.2667E+00,
18:55:44.71448313, 1.8667E-01, 7.2000E-01,-2.4000E+00,
18:55:44.71448318, 2.0000E-01, 7.4667E-01,-2.4000E+00,
18:55:44.71448323, 2.1333E-01, 7.4667E-01,-2.4000E+00,
18:55:44.71448328, 2.0000E-01, 7.4667E-01,-2.4000E+00,
18:55:44.71448333, 2.1333E-01, 6.9333E-01,-2.1333E+00,
18:55:44.71448338, 2.1333E-01, 7.4667E-01,-2.4000E+00,
18:55:44.71448343, 2.1333E-01, 7.2000E-01,-2.0000E+00,
18:55:44.71448348, 2.0000E-01, 7.2000E-01,-2.1333E+00,
18:55:44.71448353, 1.7333E-01, 7.2000E-01,-2.0000E+00,
18:55:44.71448358, 1.7333E-01, 7.4667E-01,-1.8667E+00,
18:55:44.71448363, 2.0000E-01, 7.2000E-01,-2.0000E+00,
18:55:44.71448368, 1.8667E-01, 7.3333E-01,-2.0000E+00,
18:55:44.71448373, 2.2667E-01, 7.2000E-01,-1.8667E+00,
18:55:44.71448378, 2.4000E-01, 7.2000E-01,-1.7333E+00,
18:55:44.71448383, 2.0000E-01, 7.4667E-01,-1.7333E+00,
18:55:44.71448388, 2.2667E-01, 7.4667E-01,-1.6000E+00,
18:55:44.71448393, 2.1333E-01, 7.0667E-01,-1.6000E+00,
18:55:44.71448398, 1.8667E-01, 7.6000E-01,-1.8667E+00,
18:55:44.71448403, 2.0000E-01, 7.2000E-01,-1.4667E+00,
18:55:44.71448408, 1.7333E-01, 7.0667E-01,-1.6000E+00,
18:55:44.71448413, 2.0000E-01, 7.2000E-01,-1.2000E+00,
18:55:44.71448418, 1.8667E-01, 7.3333E-01,-1.3333E+00,
18:55:44.71448423, 2.0000E-01, 7.2000E-01,-1.4667E+00,
18:55:44.71448428, 2.1333E-01, 7.0667E-01,-1.3333E+00,
18:55:44.71448433, 1.6000E-01, 7.3333E-01,-1.2000E+00,
18:55:44.71448438, 2.0000E-01, 7.4667E-01,-1.2000E+00,
18:55:44.71448443, 1.7333E-01, 7.0667E-01,-1.0667E+00,
18:55:44.71448448, 1.8667E-01, 7.2000E-01,-9.3333E-01,
18:55:44.71448453, 1.7333E-01, 7.0667E-01,-1.2000E+00,
18:55:44.71448458, 1.4667E-01, 7.0667E-01,-9.3333E-01,
18:55:44.71448463, 1.8667E-01, 7.3333E-01,-1.0667E+00,
18:55:44.71448468, 2.1333E-01, 7.3333E-01,-1.0667E+00,
18:55:44.71448473, 2.0000E-01, 7.0667E-01,-6.6667E-01,
18:55:44.71448478, 2.1333E-01, 7.4667E-01,-1.0667E+00,
18:55:44.71448483, 2.0000E-01, 7.3333E-01,-6.6667E-01,
18:55:44.71448488, 2.0000E-01, 7.0667E-01,-6.6667E-01,
18:55:44.71448493, 1.8667E-01, 6.9333E-01,-8.0000E-01,
18:55:44.71448498, 1.6000E-01, 7.2000E-01,-8.0000E-01,
18:55:44.71448503, 2.0000E-01, 7.0667E-01,-6.6667E-01,
18:55:44.71448508, 1.6000E-01, 7.4667E-01,-6.6667E-01,
18:55:44.71448513, 2.1333E-01, 7.2000E-01,-2.6667E-01,
18:55:44.71448518, 2.0000E-01, 7.2000E-01,-6.6667E-01,
18:55:44.71448523, 2.0000E-01, 7.4667E-01,-2.6667E-01,
18:55:44.71448528, 2.0000E-01, 7.2000E-01,-5.3333E-01,
18:55:44.71448533, 1.8667E-01, 7.3333E-01,-4.0000E-01,
18:55:44.71448538, 2.2667E-01, 7.3333E-01,-2.6667E-01,
18:55:44.71448543, 1.6000E-01, 7.2000E-01,-4.0000E-01,
18:55:44.71448548, 1.8667E-01, 7.3333E-01,-4.0000E-01,
18:55:44.71448553, 2.1333E-01, 7.3333E-01, 0.0000E+00,
18:55:44.71448558, 1.7333E-01, 7.2000E-01, 0.0000E+00,
18:55:44.71448563, 2.2667E-01, 7.3333E-01, 2.6667E-01,
18:55:44.71448568, 1.8667E-01, 7.3333E-01, 1.3333E-01,
18:55:44.71448573, 1.7333E-01, 7.4667E-01, 0.0000E+00,
18:55:44.71448578, 1.8667E-01, 7.3333E-01, 1.3333E-01,
18:55:44.71448583, 1.8667E-01, 7.4667E-01, 5.3333E-01,
18:55:44.71448588, 2.0000E-01, 7.0667E-01, 4.0000E-01,
18:55:44.71448593, 2.1333E-01, 7.4667E-01, 1.3333E-01,
18:55:44.71448598, 1.7333E-01, 7.4667E-01, 2.6667E-01,
18:55:44.71448603, 1.6000E-01, 7.3333E-01, 5.3333E-01,
18:55:44.71448608, 1.8667E-01, 7.2000E-01, 5.3333E-01,
18:55:44.71448613, 1.7333E-01, 7.4667E-01, 4.0000E-01,
18:55:44.71448618, 2.0000E-01, 7.2000E-01, 6.6667E-01,
18:55:44.71448623, 1.7333E-01, 7.2000E-01, 5.3333E-01,
18:55:44.71448628, 2.0000E-01, 7.2000E-01, 5.3333E-01,
18:55:44.71448633, 1.8667E-01, 7.3333E-01, 6.6667E-01,
18:55:44.71448638, 1.8667E-01, 7.2000E-01, 8.0000E-01,
18:55:44.71448643, 1.8667E-01, 7.7333E-01, 6.6667E-01,
18:55:44.71448648, 1.8667E-01, 7.0667E-01, 6.6667E-01,
18:55:44.71448653, 2.1333E-01, 7.3333E-01, 6.6667E-01,
18:55:44.71448658, 1.7333E-01, 7.3333E-01, 8.0000E-01,
18:55:44.71448663, 1.8667E-01, 7.0667E-01, 1.2000E+00,
18:55:44.71448668, 2.0000E-01, 7.6000E-01, 9.3333E-01,
18:55:44.71448673, 1.7333E-01, 7.4667E-01, 9.3333E-01,
18:55:44.71448678, 1.6000E-01, 7.3333E-01, 1.0667E+00,
18:55:44.71448683, 2.0000E-01, 7.7333E-01, 1.2000E+00,
18:55:44.71448688, 1.8667E-01, 7.4667E-01, 1.0667E+00,
18:55:44.71448693, 1.6000E-01, 7.4667E-01, 9.3333E-01,
18:55:44.71448698, 1.4667E-01, 7.7333E-01, 1.2000E+00,
18:55:44.71448703, 1.7333E-01, 7.4667E-01, 1.0667E+00,
18:55:44.71448708, 1.7333E-01, 7.7333E-01, 1.0667E+00,
18:55:44.71448713, 1.7333E-01, 7.4667E-01, 1.4667E+00,
18:55:44.71448718, 1.6000E-01, 7.6000E-01, 1.4667E+00,
18:55:44.71448723, 1.8667E-01, 7.4667E-01, 1.4667E+00,
18:55:44.71448728, 1.8667E-01, 7.6000E-01, 1.7333E+00,
18:55:44.71448733, 1.7333E-01, 7.4667E-01, 1.0667E+00,
18:55:44.71448738, 1.6000E-01, 7.4667E-01, 1.4667E+00,
18:55:44.71448743, 1.6000E-01, 7.6000E-01, 1.0667E+00,
18:55:44.71448748, 1.4667E-01, 7.6000E-01, 1.4667E+00,
18:55:44.71448753, 1.8667E-01, 7.8667E-01, 1.8667E+00,
18:55:44.71448758, 1.8667E-01, 7.6000E-01, 1.8667E+00,
18:55:44.71448763, 2.1333E-01, 7.4667E-01, 1.7333E+00,
18:55:44.71448768, 1.7333E-01, 7.8667E-01, 1.8667E+00,
18:55:44.71448773, 1.7333E-01, 7.8667E-01, 1.7333E+00,
18:55:44.71448778, 1.7333E-01, 7.7333E-01, 2.0000E+00,
18:55:44.71448783, 1.8667E-01, 7.4667E-01, 1.7333E+00,
18:55:44.71448788, 1.3333E-01, 8.0000E-01, 1.7333E+00,
18:55:44.71448793, 1.8667E-01, 7.7333E-01, 2.0000E+00,
18:55:44.71448798, 2.0000E-01, 7.8667E-01, 2.0000E+00,
18:55:44.71448803, 1.7333E-01, 8.0000E-01, 2.0000E+00,
18:55:44.71448808, 1.7333E-01, 7.8667E-01, 2.1333E+00,
18:55:44.71448813, 1.8667E-01, 8.0000E-01, 2.0000E+00,
18:55:44.71448818, 2.2667E-01, 7.4667E-01, 2.0000E+00,
18:55:44.71448823, 2.0000E-01, 7.7333E-01, 2.4000E+00,
18:55:44.71448828, 2.0000E-01, 7.7333E-01, 2.1333E+00,
18:55:44.71448833, 1.8667E-01, 8.1333E-01, 2.2667E+00,
18:55:44.71448838, 1.6000E-01, 7.8667E-01, 2.2667E+00,
18:55:44.71448843, 1.6000E-01, 7.7333E-01, 2.1333E+00,
18:55:44.71448848, 1.8667E-01, 7.7333E-01, 2.1333E+00,
18:55:44.71448853, 1.7333E-01, 7.7333E-01, 2.2667E+00,
18:55:44.71448858, 1.4667E-01, 8.2667E-01, 2.5333E+00,
18:55:44.71448863, 1.6000E-01, 7.8667E-01, 2.5333E+00,
18:55:44.71448868, 1.8667E-01, 8.2667E-01, 2.2667E+00,
18:55:44.71448873, 1.6000E-01, 8.0000E-01, 2.1333E+00,
18:55:44.71448878, 1.8667E-01, 8.4000E-01, 2.2667E+00,
18:55:44.71448883, 1.8667E-01, 7.7333E-01, 2.2667E+00,
18:55:44.71448888, 1.6000E-01, 8.1333E-01, 2.2667E+00,
18:55:44.71448893, 1.8667E-01, 8.4000E-01, 2.6667E+00,
18:55:44.71448898, 1.8667E-01, 8.2667E-01, 2.5333E+00,
18:55:44.71448903, 1.7333E-01, 8.0000E-01, 2.6667E+00,
18:55:44.71448908, 1.8667E-01, 8.2667E-01, 2.6667E+00,
18:55:44.71448913, 1.8667E-01, 8.4000E-01, 2.6667E+00,
18:55:44.71448918, 2.0000E-01, 8.1333E-01, 2.6667E+00,
18:55:44.71448923, 2.1333E-01, 8.0000E-01, 2.9333E+00,
18:55:44.71448928, 1.6000E-01, 7.8667E-01, 2.4000E+00,
18:55:44.71448933, 1.6000E-01, 8.4000E-01, 3.0667E+00,
18:55:44.71448938, 1.8667E-01, 8.4000E-01, 2.5333E+00,
18:55:44.71448943, 1.8667E-01, 8.2667E-01, 2.5333E+00,
18:55:44.71448948, 1.7333E-01, 8.4000E-01, 2.8000E+00,
18:55:44.71448953, 2.1333E-01, 8.4000E-01, 2.9333E+00,
18:55:44.71448958, 1.7333E-01, 8.4000E-01, 2.9333E+00,
18:55:44.71448963, 1.7333E-01, 8.2667E-01, 3.2000E+00,
18:55:44.71448968, 2.0000E-01, 8.6667E-01, 2.9333E+00,
18:55:44.71448973, 1.7333E-01, 8.5333E-01, 3.0667E+00,
18:55:44.71448978, 1.4667E-01, 8.8000E-01, 3.0667E+00,
18:55:44.71448983, 1.8667E-01, 8.4000E-01, 2.9333E+00,
18:55:44.71448988, 1.8667E-01, 8.8000E-01, 3.3333E+00,
18:55:44.71448993, 1.6000E-01, 8.5333E-01, 3.0667E+00,
18:55:44.71448998, 1.8667E-01, 8.5333E-01, 3.3333E+00,
18:55:44.71449003, 2.2667E-01, 8.6667E-01, 3.2000E+00,
18:55:44.71449008, 2.2667E-01, 8.4000E-01, 3.2000E+00,
18:55:44.71449013, 1.7333E-01, 8.6667E-01, 3.4667E+00,
18:55:44.71449018, 1.6000E-01, 8.8000E-01, 3.3333E+00,
18:55:44.71449023, 1.7333E-01, 8.9333E-01, 3.3333E+00,
18:55:44.71449028, 1.4667E-01, 8.9333E-01, 3.2000E+00,
18:55:44.71449033, 1.4667E-01, 8.6667E-01, 3.2000E+00,
18:55:44.71449038, 1.8667E-01, 8.9333E-01, 3.3333E+00,
18:55:44.71449043, 1.8667E-01, 8.9333E-01, 3.4667E+00,
18:55:44.71449048, 2.1333E-01, 8.6667E-01, 3.3333E+00,
18:55:44.71449053, 1.7333E-01, 8.6667E-01, 3.3333E+00,
18:55:44.71449058, 2.1333E-01, 8.6667E-01, 3.3333E+00,
18:55:44.71449063, 1.7333E-01, 9.0667E-01, 3.4667E+00,
18:55:44.71449068, 2.0000E-01, 8.8000E-01, 3.4667E+00,
18:55:44.71449073, 2.1333E-01, 8.9333E-01, 3.4667E+00,
18:55:44.71449078, 1.8667E-01, 8.6667E-01, 3.4667E+00,
18:55:44.71449083, 1.7333E-01, 8.6667E-01, 3.6000E+00,
18:55:44.71449088, 1.7333E-01, 9.0667E-01, 3.3333E+00,
18:55:44.71449093, 1.4667E-01, 8.6667E-01, 3.6000E+00,
18:55:44.71449098, 2.0000E-01, 8.9333E-01, 3.4667E+00,
18:55:44.71449103, 2.0000E-01, 8.9333E-01, 3.4667E+00,
18:55:44.71449108, 1.8667E-01, 8.8000E-01, 3.3333E+00,
18:55:44.71449113, 2.1333E-01, 8.9333E-01, 3.2000E+00,
18:55:44.71449118, 1.7333E-01, 8.9333E-01, 3.7333E+00,
18:55:44.71449123, 1.6000E-01, 9.0667E-01, 3.6000E+00,
18:55:44.71449128, 1.4667E-01, 9.0667E-01, 3.7333E+00,
18:55:44.71449133, 1.7333E-01, 9.0667E-01, 3.6000E+00,
18:55:44.71449138, 1.7333E-01, 8.9333E-01, 3.6000E+00,
18:55:44.71449143, 1.7333E-01, 9.3333E-01, 3.6000E+00,
18:55:44.71449148, 1.7333E-01, 9.0667E-01, 3.6000E+00,
18:55:44.71449153, 1.8667E-01, 9.0667E-01, 3.8667E+00,
18:55:44.71449158, 1.8667E-01, 9.0667E-01, 3.6000E+00,
18:55:44.71449163, 1.7333E-01, 9.3333E-01, 3.7333E+00,
18:55:44.71449168, 1.3333E-01, 9.2000E-01, 4.0000E+00,
18:55:44.71449173, 1.6000E-01, 9.0667E-01, 3.6000E+00,
18:55:44.71449178, 1.6000E-01, 9.2000E-01, 3.6000E+00,
18:55:44.71449183, 2.0000E-01, 9.4667E-01, 3.6000E+00,
18:55:44.71449188, 1.7333E-01, 9.3333E-01, 3.7333E+00,
18:55:44.71449193, 1.7333E-01, 9.4667E-01, 3.4667E+00,
18:55:44.71449198, 2.1333E-01, 9.6000E-01, 3.8667E+00,
18:55:44.71449203, 1.8667E-01, 9.0667E-01, 3.6000E+00,
18:55:44.71449208, 2.1333E-01, 9.3333E-01, 3.6000E+00,
18:55:44.71449213, 1.7333E-01, 9.3333E-01, 3.8667E+00,
18:55:44.71449218, 1.7333E-01, 1.0000E+00, 3.8667E+00,
18:55:44.71449223, 1.8667E-01, 9.6000E-01, 3.4667E+00,
18:55:44.71449228, 1.8667E-01, 9.6000E-01, 3.6000E+00,
18:55:44.71449233, 1.8667E-01, 9.8667E-01, 4.0000E+00,
18:55:44.71449238, 2.0000E-01, 9.4667E-01, 3.4667E+00,
18:55:44.71449243, 1.7333E-01, 9.3333E-01, 3.4667E+00,
18:55:44.71449248, 1.8667E-01, 9.7333E-01, 3.8667E+00,
18:55:44.71449253, 2.0000E-01, 9.6000E-01, 3.8667E+00,
18:55:44.71449258, 1.7333E-01, 9.3333E-01, 4.0000E+00,
18:55:44.71449263, 1.7333E-01, 9.4667E-01, 3.8667E+00,
18:55:44.71449268, 1.8667E-01, 9.4667E-01, 3.6000E+00,
18:55:44.71449273, 2.0000E-01, 9.7333E-01, 3.7333E+00,
18:55:44.71449278, 2.0000E-01, 9.6000E-01, 3.6000E+00,
18:55:44.71449283, 1.6000E-01, 9.7333E-01, 3.7333E+00,
18:55:44.71449288, 2.0000E-01, 9.6000E-01, 3.6000E+00,
18:55:44.71449293, 1.8667E-01, 1.0133E+00, 3.7333E+00,
18:55:44.71449298, 1.8667E-01, 9.8667E-01, 3.6000E+00,
18:55:44.71449303, 1.8667E-01, 9.6000E-01, 3.8667E+00,
18:55:44.71449308, 2.0000E-01, 9.6000E-01, 3.8667E+00,
18:55:44.71449313, 2.0000E-01, 9.7333E-01, 3.6000E+00,
18:55:44.71449318, 1.7333E-01, 9.8667E-01, 3.8667E+00,
18:55:44.71449323, 1.8667E-01, 1.0000E+00, 3.7333E+00,
18:55:44.71449328, 1.8667E-01, 9.8667E-01, 3.7333E+00,
18:55:44.71449333, 1.8667E-01, 1.0000E+00, 3.6000E+00,
18:55:44.71449338, 1.8667E-01, 1.0000E+00, 3.6000E+00,
18:55:44.71449343, 2.0000E-01, 1.0267E+00, 3.7333E+00,
18:55:44.71449348, 2.0000E-01, 1.0000E+00, 3.7333E+00,
18:55:44.71449353, 1.7333E-01, 1.0133E+00, 3.7333E+00,
18:55:44.71449358, 1.8667E-01, 9.8667E-01, 3.4667E+00,
18:55:44.71449363, 1.7333E-01, 1.0267E+00, 3.7333E+00,
18:55:44.71449368, 1.7333E-01, 1.0000E+00, 3.4667E+00,
18:55:44.71449373, 1.7333E-01, 1.0267E+00, 3.6000E+00,
18:55:44.71449378, 1.7333E-01, 1.0267E+00, 3.6000E+00,
18:55:44.71449383, 2.0000E-01, 1.0267E+00, 3.7333E+00,
18:55:44.71449388, 1.7333E-01, 1.0267E+00, 3.4667E+00,
18:55:44.71449393, 1.7333E-01, 1.0133E+00, 3.4667E+00,
18:55:44.71449398, 2.0000E-01, 1.0000E+00, 3.4667E+00,
18:55:44.71449403, 1.6000E-01, 1.0133E+00, 3.4667E+00,
18:55:44.71449408, 1.7333E-01, 1.0133E+00, 3.4667E+00,
18:55:44.71449413, 1.8667E-01, 1.0400E+00, 3.6000E+00,
18:55:44.71449418, 1.7333E-01, 1.0400E+00, 3.6000E+00,
18:55:44.71449423, 2.0000E-01, 1.0533E+00, 3.4667E+00,
18:55:44.71449428, 1.7333E-01, 1.0267E+00, 3.4667E+00,
18:55:44.71449433, 1.8667E-01, 1.0267E+00, 3.4667E+00,
18:55:44.71449438, 1.8667E-01, 1.0400E+00, 3.4667E+00,
18:55:44.71449443, 2.0000E-01, 1.0133E+00, 3.6000E+00,
18:55:44.71449448, 2.2667E-01, 1.0267E+00, 3.8667E+00,
18:55:44.71449453, 1.6000E-01, 1.0267E+00, 3.7333E+00,
18:55:44.71449458, 1.6000E-01, 1.0267E+00, 3.4667E+00,
18:55:44.71449463, 1.4667E-01, 1.0400E+00, 3.4667E+00,
18:55:44.71449468, 1.7333E-01, 1.0267E+00, 3.3333E+00,
18:55:44.71449473, 1.4667E-01, 1.0400E+00, 3.3333E+00,
18:55:44.71449478, 1.7333E-01, 1.0267E+00, 3.3333E+00,
18:55:44.71449483, 2.1333E-01, 1.0267E+00, 3.4667E+00,
18:55:44.71449488, 2.0000E-01, 1.0400E+00, 3.4667E+00,
18:55:44.71449493, 1.8667E-01, 1.0533E+00, 3.6000E+00,
18:55:44.71449498, 1.7333E-01, 1.0400E+00, 3.6000E+00,
18:55:44.71449503, 1.6000E-01, 1.0400E+00, 3.6000E+00,
18:55:44.71449508, 1.6000E-01, 1.0533E+00, 3.4667E+00,
18:55:44.71449513, 1.8667E-01, 1.0667E+00, 3.8667E+00,
18:55:44.71449518, 1.7333E-01, 1.0400E+00, 3.6000E+00,
18:55:44.71449523, 1.7333E-01, 1.0533E+00, 3.4667E+00,
18:55:44.71449528, 1.6000E-01, 1.0400E+00, 3.3333E+00,
18:55:44.71449533, 1.6000E-01, 1.0400E+00, 3.4667E+00,
18:55:44.71449538, 1.7333E-01, 1.0533E+00, 3.3333E+00,
18:55:44.71449543, 2.0000E-01, 1.0667E+00, 3.2000E+00,
18:55:44.71449548, 1.8667E-01, 1.0667E+00, 3.3333E+00,
18:55:44.71449553, 1.6000E-01, 1.0533E+00, 3.2000E+00,
18:55:44.71449558, 1.7333E-01, 1.0267E+00, 3.4667E+00,
18:55:44.71449563, 1.7333E-01, 1.0933E+00, 3.3333E+00,
18:55:44.71449568, 1.8667E-01, 1.0667E+00, 3.3333E+00,
18:55:44.71449573, 1.7333E-01, 1.0933E+00, 3.4667E+00,
18:55:44.71449578, 1.7333E-01, 1.0800E+00, 2.9333E+00,
18:55:44.71449583, 2.0000E-01, 1.1067E+00, 3.2000E+00,
18:55:44.71449588, 2.0000E-01, 1.0667E+00, 3.0667E+00,
18:55:44.71449593, 1.7333E-01, 1.0933E+00, 3.0667E+00,
18:55:44.71449598, 1.4667E-01, 1.1067E+00, 3.4667E+00,
18:55:44.71449603, 1.7333E-01, 1.0667E+00, 3.4667E+00,
18:55:44.71449608, 1.8667E-01, 1.1067E+00, 2.9333E+00,
18:55:44.71449613, 2.1333E-01, 1.1333E+00, 3.2000E+00,
18:55:44.71449618, 1.6000E-01, 1.0667E+00, 3.0667E+00,
18:55:44.71449623, 1.8667E-01, 1.0933E+00, 2.8000E+00,
18:55:44.71449628, 2.0000E-01, 1.1067E+00, 2.6667E+00,
18:55:44.71449633, 2.0000E-01, 1.0933E+00, 2.9333E+00,
18:55:44.71449638, 2.0000E-01, 1.1067E+00, 3.2000E+00,
18:55:44.71449643, 1.7333E-01, 1.0667E+00, 3.4667E+00,
18:55:44.71449648, 1.8667E-01, 1.0800E+00, 3.2000E+00,
18:55:44.71449653, 1.7333E-01, 1.0933E+00, 3.0667E+00,
18:55:44.71449658, 1.4667E-01, 1.1333E+00, 3.2000E+00,
18:55:44.71449663, 1.6000E-01, 1.1333E+00, 2.8000E+00,
18:55:44.71449668, 1.7333E-01, 1.0933E+00, 2.6667E+00,
18:55:44.71449673, 2.0000E-01, 1.0933E+00, 2.9333E+00,
18:55:44.71449678, 1.7333E-01, 1.1333E+00, 2.8000E+00,
18:55:44.71449683, 2.1333E-01, 1.0933E+00, 2.9333E+00,
18:55:44.71449688, 1.7333E-01, 1.1067E+00, 2.6667E+00,
18:55:44.71449693, 2.0000E-01, 1.1067E+00, 2.8000E+00,
18:55:44.71449698, 1.3333E-01, 1.1333E+00, 2.5333E+00,
18:55:44.71449703, 2.0000E-01, 1.1200E+00, 2.4000E+00,
18:55:44.71449708, 1.6000E-01, 1.1067E+00, 2.6667E+00,
18:55:44.71449713, 2.1333E-01, 1.1200E+00, 2.5333E+00,
18:55:44.71449718, 1.6000E-01, 1.1067E+00, 2.2667E+00,
18:55:44.71449723, 1.6000E-01, 1.1067E+00, 2.9333E+00,
18:55:44.71449728, 1.6000E-01, 1.1333E+00, 2.5333E+00,
18:55:44.71449733, 2.0000E-01, 1.1467E+00, 2.8000E+00,
18:55:44.71449738, 1.8667E-01, 1.1200E+00, 2.6667E+00,
18:55:44.71449743, 1.7333E-01, 1.1067E+00, 2.2667E+00,
18:55:44.71449748, 1.4667E-01, 1.1067E+00, 2.5333E+00,
18:55:44.71449753, 1.7333E-01, 1.1200E+00, 2.1333E+00,
18:55:44.71449758, 1.8667E-01, 1.1333E+00, 2.4000E+00,
18:55:44.71449763, 1.8667E-01, 1.1067E+00, 2.4000E+00,
18:55:44.71449768, 1.8667E-01, 1.1467E+00, 2.4000E+00,
18:55:44.71449773, 1.7333E-01, 1.1333E+00, 2.0000E+00,
18:55:44.71449778, 1.7333E-01, 1.1200E+00, 2.4000E+00,
18:55:44.71449783, 1.6000E-01, 1.1200E+00, 2.4000E+00,
18:55:44.71449788, 1.8667E-01, 1.1600E+00, 2.4000E+00,
18:55:44.71449793, 1.8667E-01, 1.1600E+00, 2.4000E+00,
18:55:44.71449798, 1.4667E-01, 1.1333E+00, 2.0000E+00,
18:55:44.71449803, 1.7333E-01, 1.1333E+00, 2.4000E+00,
18:55:44.71449808, 1.8667E-01, 1.1333E+00, 2.1333E+00,
18:55:44.71449813, 1.8667E-01, 1.1200E+00, 2.1333E+00,
18:55:44.71449818, 1.8667E-01, 1.1467E+00, 2.1333E+00,
18:55:44.71449823, 1.4667E-01, 1.1333E+00, 2.2667E+00,
18:55:44.71449828, 1.7333E-01, 1.1600E+00, 2.1333E+00,
18:55:44.71449833, 1.8667E-01, 1.1200E+00, 2.0000E+00,
18:55:44.71449838, 2.0000E-01, 1.1333E+00, 1.8667E+00,
18:55:44.71449843, 1.4667E-01, 1.1333E+00, 2.0000E+00,
18:55:44.71449848, 1.8667E-01, 1.1200E+00, 2.1333E+00,
18:55:44.71449853, 1.4667E-01, 1.1467E+00, 1.7333E+00,
18:55:44.71449858, 1.7333E-01, 1.1333E+00, 1.7333E+00,
18:55:44.71449863, 1.8667E-01, 1.1333E+00, 1.8667E+00,
18:55:44.71449868, 2.0000E-01, 1.1067E+00, 2.0000E+00,
18:55:44.71449873, 1.7333E-01, 1.1600E+00, 1.7333E+00,
18:55:44.71449878, 2.0000E-01, 1.1200E+00, 2.0000E+00,
18:55:44.71449883, 2.0000E-01, 1.1067E+00, 1.6000E+00,
18:55:44.71449888, 1.4667E-01, 1.1333E+00, 1.7333E+00,
18:55:44.71449893, 1.6000E-01, 1.1467E+00, 1.7333E+00,
18:55:44.71449898, 1.4667E-01, 1.1333E+00, 1.8667E+00,
18:55:44.71449903, 2.0000E-01, 1.1333E+00, 1.6000E+00,
18:55:44.71449908, 1.7333E-01, 1.1333E+00, 1.7333E+00,
18:55:44.71449913, 1.8667E-01, 1.1333E+00, 1.6000E+00,
18:55:44.71449918, 1.7333E-01, 1.1333E+00, 1.2000E+00,
18:55:44.71449923, 1.7333E-01, 1.1600E+00, 1.3333E+00,
18:55:44.71449928, 1.7333E-01, 1.1600E+00, 1.0667E+00,
18:55:44.71449933, 1.8667E-01, 1.1467E+00, 1.6000E+00,
18:55:44.71449938, 1.4667E-01, 1.1600E+00, 1.3333E+00,
18:55:44.71449943, 1.2000E-01, 1.1600E+00, 1.4667E+00,
18:55:44.71449948, 1.6000E-01, 1.1600E+00, 1.4667E+00,
18:55:44.71449953, 1.6000E-01, 1.1467E+00, 1.2000E+00,
18:55:44.71449958, 1.6000E-01, 1.1600E+00, 1.3333E+00,
18:55:44.71449963, 1.7333E-01, 1.1467E+00, 1.3333E+00,
18:55:44.71449968, 1.6000E-01, 1.1067E+00, 9.3333E-01,
18:55:44.71449973, 1.6000E-01, 1.1333E+00, 1.4667E+00,
18:55:44.71449978, 1.6000E-01, 1.1600E+00, 1.2000E+00,
18:55:44.71449983, 1.8667E-01, 1.1600E+00, 1.3333E+00,
18:55:44.71449988, 1.4667E-01, 1.1600E+00, 1.2000E+00,
18:55:44.71449993, 1.4667E-01, 1.1333E+00, 1.2000E+00,
18:55:44.71449998, 1.2000E-01, 1.1600E+00, 9.3333E-01,
18:55:44.71450003, 1.4667E-01, 1.1467E+00, 9.3333E-01,
18:55:44.71450008, 1.8667E-01, 1.1600E+00, 1.2000E+00,
18:55:44.71450013, 1.4667E-01, 1.1600E+00, 8.0000E-01,
18:55:44.71450018, 1.7333E-01, 1.1733E+00, 8.0000E-01,
18:55:44.71450023, 1.4667E-01, 1.1333E+00, 1.2000E+00,
18:55:44.71450028, 1.3333E-01, 1.1600E+00, 8.0000E-01,
18:55:44.71450033, 1.7333E-01, 1.1600E+00, 9.3333E-01,
18:55:44.71450038, 1.4667E-01, 1.1600E+00, 8.0000E-01,
18:55:44.71450043, 1.4667E-01, 1.1600E+00, 8.0000E-01,
18:55:44.71450048, 1.8667E-01, 1.1467E+00, 8.0000E-01,
18:55:44.71450053, 1.4667E-01, 1.1600E+00, 6.6667E-01,
18:55:44.71450058, 2.0000E-01, 1.1600E+00, 6.6667E-01,
18:55:44.71450063, 1.7333E-01, 1.1467E+00, 6.6667E-01,
18:55:44.71450068, 1.8667E-01, 1.1467E+00, 8.0000E-01,
18:55:44.71450073, 1.6000E-01, 1.1600E+00, 6.6667E-01,
18:55:44.71450078, 1.6000E-01, 1.1333E+00, 6.6667E-01,
18:55:44.71450083, 1.3333E-01, 1.1467E+00, 6.6667E-01,
18:55:44.71450088, 1.7333E-01, 1.1600E+00, 5.3333E-01,
18:55:44.71450093, 1.7333E-01, 1.1467E+00, 8.0000E-01,
18:55:44.71450098, 1.6000E-01, 1.1600E+00, 4.0000E-01,
18:55:44.71450103, 1.6000E-01, 1.1600E+00, 6.6667E-01,
18:55:44.71450108, 1.7333E-01, 1.1200E+00, 5.3333E-01,
18:55:44.71450113, 1.6000E-01, 1.1333E+00, 6.6667E-01,
18:55:44.71450118, 1.6000E-01, 1.1333E+00, 2.6667E-01,
18:55:44.71450123, 1.6000E-01, 1.1733E+00, 1.3333E-01,
18:55:44.71450128, 1.6000E-01, 1.1333E+00, 4.0000E-01,
18:55:44.71450133, 1.6000E-01, 1.1467E+00, 4.0000E-01,
18:55:44.71450138, 1.7333E-01, 1.1467E+00, 1.3333E-01,
18:55:44.71450143, 1.6000E-01, 1.1600E+00, 0.0000E+00,
18:55:44.71450148, 1.6000E-01, 1.1067E+00, 4.0000E-01,
18:55:44.71450153, 1.7333E-01, 1.1600E+00, 1.3333E-01,
18:55:44.71450158, 1.3333E-01, 1.1333E+00, 1.3333E-01,
18:55:44.71450163, 1.4667E-01, 1.1467E+00, 1.3333E-01,
18:55:44.71450168, 1.6000E-01, 1.1600E+00, 4.0000E-01,
18:55:44.71450173, 1.6000E-01, 1.1333E+00, 1.3333E-01,
18:55:44.71450178, 1.4667E-01, 1.1333E+00, 0.0000E+00,
18:55:44.71450183, 1.2000E-01, 1.1067E+00, 1.3333E-01,
18:55:44.71450188, 1.8667E-01, 1.1333E+00, 1.3333E-01,
18:55:44.71450193, 1.7333E-01, 1.1467E+00, 2.6667E-01,
18:55:44.71450198, 1.6000E-01, 1.1200E+00,-1.3333E-01,
18:55:44.71450203, 1.6000E-01, 1.1600E+00,-1.3333E-01,
18:55:44.71450208, 1.3333E-01, 1.1467E+00,-2.6667E-01,
18:55:44.71450213, 1.7333E-01, 1.1333E+00,-4.0000E-01,
18:55:44.71450218, 1.7333E-01, 1.1333E+00,-5.3333E-01,
18:55:44.71450223, 1.4667E-01, 1.1333E+00, 0.0000E+00,
18:55:44.71450228, 1.3333E-01, 1.1333E+00, 0.0000E+00,
18:55:44.71450233, 1.3333E-01, 1.1067E+00, 0.0000E+00,
18:55:44.71450238, 1.8667E-01, 1.1067E+00,-4.0000E-01,
18:55:44.71450243, 1.4667E-01, 1.1600E+00,-2.6667E-01,
18:55:44.71450248, 1.7333E-01, 1.1333E+00,-1.3333E-01,
18:55:44.71450253, 1.7333E-01, 1.1467E+00,-5.3333E-01,
18:55:44.71450258, 1.3333E-01, 1.1467E+00,-2.6667E-01,
18:55:44.71450263, 1.6000E-01, 1.1200E+00,-2.6667E-01,
18:55:44.71450268, 1.4667E-01, 1.1600E+00,-4.0000E-01,
18:55:44.71450273, 1.2000E-01, 1.1467E+00,-2.6667E-01,
18:55:44.71450278, 1.2000E-01, 1.1600E+00,-4.0000E-01,
18:55:44.71450283, 1.4667E-01, 1.1467E+00,-4.0000E-01,
18:55:44.71450288, 1.3333E-01, 1.1333E+00,-2.6667E-01,
18:55:44.71450293, 1.3333E-01, 1.1200E+00,-5.3333E-01,
18:55:44.71450298, 1.4667E-01, 1.1067E+00,-5.3333E-01,
18:55:44.71450303, 1.7333E-01, 1.1067E+00,-6.6667E-01,
18:55:44.71450308, 1.3333E-01, 1.1200E+00,-6.6667E-01,
18:55:44.71450313, 1.3333E-01, 1.1067E+00,-4.0000E-01,
18:55:44.71450318, 1.6000E-01, 1.1067E+00,-6.6667E-01,
18:55:44.71450323, 1.4667E-01, 1.1200E+00,-4.0000E-01,
18:55:44.71450328, 1.0667E-01, 1.1333E+00,-4.0000E-01,
18:55:44.71450333, 1.4667E-01, 1.1333E+00,-8.0000E-01,
18:55:44.71450338, 1.4667E-01, 1.1200E+00,-4.0000E-01,
18:55:44.71450343, 1.7333E-01, 1.1200E+00,-5.3333E-01,
18:55:44.71450348, 1.4667E-01, 1.1333E+00,-8.0000E-01,
18:55:44.71450353, 1.6000E-01, 1.1200E+00,-6.6667E-01,
18:55:44.71450358, 1.8667E-01, 1.1200E+00,-6.6667E-01,
18:55:44.71450363, 1.4667E-01, 1.1067E+00,-8.0000E-01,
18:55:44.71450368, 1.3333E-01, 1.1200E+00,-6.6667E-01,
18:55:44.71450373, 1.3333E-01, 1.1067E+00,-9.3333E-01,
18:55:44.71450378, 1.2000E-01, 1.1200E+00,-1.0667E+00,
18:55:44.71450383, 1.2000E-01, 1.1067E+00,-6.6667E-01,
18:55:44.71450388, 1.4667E-01, 1.0800E+00,-9.3333E-01,
18:55:44.71450393, 1.6000E-01, 1.1200E+00,-1.2000E+00,
18:55:44.71450398, 1.7333E-01, 1.1067E+00,-8.0000E-01,
18:55:44.71450403, 1.4667E-01, 1.1067E+00,-9.3333E-01,
18:55:44.71450408, 1.4667E-01, 1.1067E+00,-6.6667E-01,
18:55:44.71450413, 1.3333E-01, 1.1200E+00,-1.2000E+00,
18:55:44.71450418, 1.3333E-01, 1.0933E+00,-6.6667E-01,
18:55:44.71450423, 1.4667E-01, 1.0667E+00,-8.0000E-01,
18:55:44.71450428, 1.4667E-01, 1.1067E+00,-1.0667E+00,
18:55:44.71450433, 1.4667E-01, 1.1200E+00,-9.3333E-01,
18:55:44.71450438, 1.6000E-01, 1.0933E+00,-1.3333E+00,
18:55:44.71450443, 1.2000E-01, 1.1067E+00,-9.3333E-01,
18:55:44.71450448, 1.2000E-01, 1.0933E+00,-9.3333E-01,
18:55:44.71450453, 1.4667E-01, 1.1200E+00,-1.0667E+00,
18:55:44.71450458, 1.3333E-01, 1.0933E+00,-1.3333E+00,
18:55:44.71450463, 1.2000E-01, 1.0933E+00,-1.3333E+00,
18:55:44.71450468, 9.3333E-02, 1.0933E+00,-1.2000E+00,
18:55:44.71450473, 1.3333E-01, 1.0933E+00,-9.3333E-01,
18:55:44.71450478, 1.3333E-01, 1.0667E+00,-9.3333E-01,
18:55:44.71450483, 1.6000E-01, 1.0933E+00,-1.3333E+00,
18:55:44.71450488, 1.0667E-01, 1.0800E+00,-1.2000E+00,
18:55:44.71450493, 1.4667E-01, 1.0800E+00,-1.4667E+00,
18:55:44.71450498, 1.4667E-01, 1.0933E+00,-1.7333E+00,
18:55:44.71450503, 1.4667E-01, 1.1067E+00,-1.3333E+00,
18:55:44.71450508, 1.0667E-01, 1.1067E+00,-1.2000E+00,
18:55:44.71450513, 9.3333E-02, 1.0800E+00,-1.3333E+00,
18:55:44.71450518, 1.3333E-01, 1.0800E+00,-1.4667E+00,
18:55:44.71450523, 1.0667E-01, 1.0533E+00,-1.3333E+00,
18:55:44.71450528, 1.2000E-01, 1.1200E+00,-8.0000E-01,
18:55:44.71450533, 1.0667E-01, 1.0400E+00,-1.4667E+00,
18:55:44.71450538, 1.2000E-01, 1.1067E+00,-1.4667E+00,
18:55:44.71450543, 1.2000E-01, 1.0933E+00,-1.6000E+00,
18:55:44.71450548, 1.3333E-01, 1.0667E+00,-1.7333E+00,
18:55:44.71450553, 1.4667E-01, 1.0800E+00,-1.4667E+00,
18:55:44.71450558, 1.2000E-01, 1.0267E+00,-1.6000E+00,
18:55:44.71450563, 1.0667E-01, 1.0533E+00,-1.4667E+00,
18:55:44.71450568, 1.3333E-01, 1.0800E+00,-1.6000E+00,
18:55:44.71450573, 1.0667E-01, 1.0400E+00,-1.0667E+00,
18:55:44.71450578, 1.3333E-01, 1.0667E+00,-1.4667E+00,
18:55:44.71450583, 1.4667E-01, 1.0800E+00,-1.2000E+00,
18:55:44.71450588, 1.6000E-01, 1.0400E+00,-2.0000E+00,
18:55:44.71450593, 1.4667E-01, 1.0267E+00,-1.6000E+00,
18:55:44.71450598, 1.3333E-01, 1.0400E+00,-1.7333E+00,
18:55:44.71450603, 1.3333E-01, 1.0533E+00,-1.6000E+00,
18:55:44.71450608, 1.0667E-01, 1.0267E+00,-1.8667E+00,
18:55:44.71450613, 1.3333E-01, 1.0267E+00,-1.7333E+00,
18:55:44.71450618, 1.6000E-01, 1.0667E+00,-1.7333E+00,
18:55:44.71450623, 1.4667E-01, 1.0267E+00,-1.7333E+00,
18:55:44.71450628, 1.0667E-01, 1.0533E+00,-1.7333E+00,
18:55:44.71450633, 1.4667E-01, 1.0667E+00,-2.0000E+00,
18:55:44.71450638, 1.2000E-01, 1.0400E+00,-1.6000E+00,
18:55:44.71450643, 1.0667E-01, 1.0267E+00,-1.7333E+00,
18:55:44.71450648, 1.2000E-01, 1.0533E+00,-1.4667E+00,
18:55:44.71450653, 1.2000E-01, 1.0533E+00,-1.7333E+00,
18:55:44.71450658, 1.0667E-01, 1.0267E+00,-1.8667E+00,
18:55:44.71450663, 8.0000E-02, 1.0400E+00,-1.4667E+00,
18:55:44.71450668, 1.0667E-01, 1.0400E+00,-1.4667E+00,
18:55:44.71450673, 1.0667E-01, 1.0533E+00,-1.7333E+00,
18:55:44.71450678, 1.3333E-01, 1.0267E+00,-1.6000E+00,
18:55:44.71450683, 1.4667E-01, 1.0267E+00,-1.8667E+00,
18:55:44.71450688, 1.4667E-01, 1.0400E+00,-1.6000E+00,
18:55:44.71450693, 1.3333E-01, 1.0400E+00,-1.8667E+00,
18:55:44.71450698, 1.2000E-01, 1.0267E+00,-1.7333E+00,
18:55:44.71450703, 1.0667E-01, 1.0267E+00,-2.0000E+00,
18:55:44.71450708, 1.2000E-01, 1.0267E+00,-2.0000E+00,
18:55:44.71450713, 1.2000E-01, 1.0267E+00,-1.7333E+00,
18:55:44.71450718, 1.0667E-01, 1.0267E+00,-1.7333E+00,
18:55:44.71450723, 1.2000E-01, 1.0400E+00,-1.8667E+00,
18:55:44.71450728, 1.4667E-01, 1.0267E+00,-1.7333E+00,
18:55:44.71450733, 1.0667E-01, 1.0400E+00,-2.0000E+00,
18:55:44.71450738, 1.3333E-01, 1.0267E+00,-1.6000E+00,
18:55:44.71450743, 1.0667E-01, 1.0267E+00,-2.0000E+00,
18:55:44.71450748, 1.0667E-01, 1.0267E+00,-1.7333E+00,
18:55:44.71450753, 1.2000E-01, 1.0267E+00,-1.8667E+00,
18:55:44.71450758, 1.0667E-01, 1.0267E+00,-2.0000E+00,
18:55:44.71450763, 1.2000E-01, 1.0267E+00,-1.7333E+00,
18:55:44.71450768, 1.2000E-01, 1.0267E+00,-1.7333E+00,
18:55:44.71450773, 1.2000E-01, 1.0133E+00,-1.7333E+00,
18:55:44.71450778, 8.0000E-02, 1.0133E+00,-1.8667E+00,
18:55:44.71450783, 1.3333E-01, 9.8667E-01,-1.8667E+00,
18:55:44.71450788, 1.3333E-01, 1.0133E+00,-2.0000E+00,
18:55:44.71450793, 1.0667E-01, 1.0133E+00,-2.0000E+00,
18:55:44.71450798, 9.3333E-02, 9.8667E-01,-1.8667E+00,
18:55:44.71450803, 1.0667E-01, 1.0000E+00,-2.0000E+00,
18:55:44.71450808, 1.2000E-01, 9.8667E-01,-1.8667E+00,
18:55:44.71450813, 1.2000E-01, 9.8667E-01,-1.8667E+00,
18:55:44.71450818, 9.3333E-02, 1.0000E+00,-1.8667E+00,
18:55:44.71450823, 1.0667E-01, 1.0133E+00,-1.8667E+00,
18:55:44.71450828, 1.2000E-01, 9.8667E-01,-2.0000E+00,
18:55:44.71450833, 1.3333E-01, 1.0267E+00,-2.0000E+00,
18:55:44.71450838, 1.0667E-01, 1.0000E+00,-1.8667E+00,
18:55:44.71450843, 1.0667E-01, 1.0000E+00,-1.4667E+00,
18:55:44.71450848, 9.3333E-02, 1.0133E+00,-1.8667E+00,
18:55:44.71450853, 1.2000E-01, 1.0000E+00,-1.8667E+00,
18:55:44.71450858, 1.0667E-01, 1.0000E+00,-1.7333E+00,
18:55:44.71450863, 8.0000E-02, 1.0267E+00,-2.0000E+00,
18:55:44.71450868, 8.0000E-02, 9.8667E-01,-2.0000E+00,
18:55:44.71450873, 1.2000E-01, 1.0133E+00,-2.0000E+00,
18:55:44.71450878, 1.3333E-01, 1.0000E+00,-1.7333E+00,
18:55:44.71450883, 1.0667E-01, 9.8667E-01,-1.8667E+00,
18:55:44.71450888, 1.2000E-01, 9.8667E-01,-2.0000E+00,
18:55:44.71450893, 1.2000E-01, 9.7333E-01,-2.2667E+00,
18:55:44.71450898, 1.0667E-01, 9.8667E-01,-2.0000E+00,
18:55:44.71450903, 8.0000E-02, 9.6000E-01,-2.0000E+00,
18:55:44.71450908, 9.3333E-02, 9.7333E-01,-2.0000E+00,
18:55:44.71450913, 9.3333E-02, 9.8667E-01,-2.0000E+00,
18:55:44.71450918, 1.0667E-01, 9.6000E-01,-2.0000E+00,
18:55:44.71450923, 1.0667E-01, 9.6000E-01,-1.6000E+00,
18:55:44.71450928, 9.3333E-02, 9.6000E-01,-1.8667E+00,
18:55:44.71450933, 1.2000E-01, 9.7333E-01,-2.0000E+00,
18:55:44.71450938, 1.2000E-01, 9.6000E-01,-2.0000E+00,
18:55:44.71450943, 9.3333E-02, 9.7333E-01,-1.7333E+00,
18:55:44.71450948, 8.0000E-02, 9.7333E-01,-1.8667E+00,
18:55:44.71450953, 9.3333E-02, 9.7333E-01,-2.0000E+00,
18:55:44.71450958, 8.0000E-02, 9.8667E-01,-2.0000E+00,
18:55:44.71450963, 1.2000E-01, 9.6000E-01,-1.6000E+00,
18:55:44.71450968, 9.3333E-02, 9.8667E-01,-1.7333E+00,
18:55:44.71450973, 1.2000E-01, 9.7333E-01,-1.7333E+00,
18:55:44.71450978, 9.3333E-02, 9.7333E-01,-1.8667E+00,
18:55:44.71450983, 8.0000E-02, 9.3333E-01,-1.7333E+00,
18:55:44.71450988, 9.3333E-02, 9.6000E-01,-1.6000E+00,
18:55:44.71450993, 8.0000E-02, 9.7333E-01,-1.8667E+00,
18:55:44.71450998, 8.0000E-02, 9.3333E-01,-2.0000E+00,
18:55:44.71451003, 1.0667E-01, 9.6000E-01,-1.7333E+00,
18:55:44.71451008, 8.0000E-02, 9.3333E-01,-2.0000E+00,
18:55:44.71451013, 1.0667E-01, 9.4667E-01,-1.7333E+00,
18:55:44.71451018, 1.2000E-01, 9.4667E-01,-2.0000E+00,
18:55:44.71451023, 6.6667E-02, 9.7333E-01,-2.1333E+00,
18:55:44.71451028, 8.0000E-02, 9.6000E-01,-2.0000E+00,
18:55:44.71451033, 1.0667E-01, 9.4667E-01,-1.8667E+00,
18:55:44.71451038, 8.0000E-02, 9.8667E-01,-1.7333E+00,
18:55:44.71451043, 9.3333E-02, 9.6000E-01,-2.0000E+00,
18:55:44.71451048, 8.0000E-02, 9.8667E-01,-1.7333E+00,
18:55:44.71451053, 9.3333E-02, 9.6000E-01,-1.4667E+00,
18:55:44.71451058, 8.0000E-02, 9.3333E-01,-1.7333E+00,
18:55:44.71451063, 1.2000E-01, 9.7333E-01,-1.7333E+00,
18:55:44.71451068, 8.0000E-02, 9.4667E-01,-1.7333E+00,
18:55:44.71451073, 8.0000E-02, 9.3333E-01,-1.4667E+00,
18:55:44.71451078, 1.0667E-01, 9.7333E-01,-1.8667E+00,
18:55:44.71451083, 8.0000E-02, 9.0667E-01,-1.7333E+00,
18:55:44.71451088, 1.2000E-01, 9.3333E-01,-1.8667E+00,
18:55:44.71451093, 8.0000E-02, 9.7333E-01,-2.0000E+00,
18:55:44.71451098, 8.0000E-02, 9.4667E-01,-1.7333E+00,
18:55:44.71451103, 8.0000E-02, 9.2000E-01,-1.4667E+00,
18:55:44.71451108, 8.0000E-02, 9.2000E-01,-1.4667E+00,
18:55:44.71451113, 8.0000E-02, 9.4667E-01,-1.4667E+00,
18:55:44.71451118, 9.3333E-02, 9.4667E-01,-1.6000E+00,
18:55:44.71451123, 8.0000E-02, 9.3333E-01,-1.6000E+00,
18:55:44.71451128, 6.6667E-02, 9.2000E-01,-1.7333E+00,
18:55:44.71451133, 8.0000E-02, 9.2000E-01,-1.6000E+00,
18:55:44.71451138, 6.6667E-02, 9.2000E-01,-1.6000E+00,
18:55:44.71451143, 1.0667E-01, 9.2000E-01,-1.6000E+00,
18:55:44.71451148, 8.0000E-02, 9.2000E-01,-1.3333E+00,
18:55:44.71451153, 1.0667E-01, 9.0667E-01,-1.2000E+00,
18:55:44.71451158, 1.2000E-01, 9.4667E-01,-1.6000E+00,
18:55:44.71451163, 1.2000E-01, 9.2000E-01,-1.3333E+00,
18:55:44.71451168, 9.3333E-02, 9.3333E-01,-1.4667E+00,
18:55:44.71451173, 8.0000E-02, 9.6000E-01,-1.4667E+00,
18:55:44.71451178, 8.0000E-02, 9.3333E-01,-1.8667E+00,
18:55:44.71451183, 8.0000E-02, 9.2000E-01,-1.4667E+00,
18:55:44.71451188, 8.0000E-02, 9.2000E-01,-1.4667E+00,
18:55:44.71451193, 8.0000E-02, 9.2000E-01,-1.3333E+00,
18:55:44.71451198, 1.0667E-01, 8.9333E-01,-1.2000E+00,
18:55:44.71451203, 8.0000E-02, 9.0667E-01,-1.2000E+00,
18:55:44.71451208, 8.0000E-02, 9.4667E-01,-1.3333E+00,
18:55:44.71451213, 1.0667E-01, 9.2000E-01,-1.4667E+00,
18:55:44.71451218, 9.3333E-02, 9.2000E-01,-1.2000E+00,
18:55:44.71451223, 9.3333E-02, 9.0667E-01,-1.3333E+00,
18:55:44.71451228, 8.0000E-02, 9.4667E-01,-1.8667E+00,
18:55:44.71451233, 5.3333E-02, 9.0667E-01,-1.2000E+00,
18:55:44.71451238, 6.6667E-02, 8.9333E-01,-1.3333E+00,
18:55:44.71451243, 8.0000E-02, 9.2000E-01,-1.4667E+00,
18:55:44.71451248, 1.0667E-01, 9.0667E-01,-1.2000E+00,
18:55:44.71451253, 9.3333E-02, 8.9333E-01,-1.3333E+00,
18:55:44.71451258, 9.3333E-02, 9.2000E-01,-1.3333E+00,
18:55:44.71451263, 9.3333E-02, 9.3333E-01,-1.3333E+00,
18:55:44.71451268, 6.6667E-02, 8.9333E-01,-9.3333E-01,
18:55:44.71451273, 9.3333E-02, 9.0667E-01,-1.4667E+00,
18:55:44.71451278, 8.0000E-02, 9.2000E-01,-1.3333E+00,
18:55:44.71451283, 8.0000E-02, 9.0667E-01,-1.3333E+00,
18:55:44.71451288, 9.3333E-02, 9.2000E-01,-1.4667E+00,
18:55:44.71451293, 1.0667E-01, 8.9333E-01,-1.2000E+00,
18:55:44.71451298, 1.0667E-01, 8.9333E-01,-1.0667E+00,
18:55:44.71451303, 8.0000E-02, 9.0667E-01,-1.0667E+00,
18:55:44.71451308, 1.0667E-01, 9.0667E-01,-1.3333E+00,
18:55:44.71451313, 9.3333E-02, 8.9333E-01,-1.2000E+00,
18:55:44.71451318, 6.6667E-02, 9.0667E-01,-8.0000E-01,
18:55:44.71451323, 8.0000E-02, 9.2000E-01,-1.2000E+00,
18:55:44.71451328, 8.0000E-02, 8.9333E-01,-1.2000E+00,
18:55:44.71451333, 8.0000E-02, 9.0667E-01,-1.2000E+00,
18:55:44.71451338, 8.0000E-02, 9.0667E-01,-1.2000E+00,
18:55:44.71451343, 8.0000E-02, 9.0667E-01,-1.2000E+00,
18:55:44.71451348, 8.0000E-02, 8.9333E-01,-8.0000E-01,
18:55:44.71451353, 9.3333E-02, 9.0667E-01,-1.0667E+00,
18:55:44.71451358, 6.6667E-02, 9.0667E-01,-9.3333E-01,
18:55:44.71451363, 6.6667E-02, 8.9333E-01,-1.0667E+00,
18:55:44.71451368, 1.0667E-01, 9.0667E-01,-9.3333E-01,
18:55:44.71451373, 8.0000E-02, 8.9333E-01,-1.0667E+00,
18:55:44.71451378, 8.0000E-02, 8.9333E-01,-1.0667E+00,
18:55:44.71451383, 6.6667E-02, 9.2000E-01,-8.0000E-01,
18:55:44.71451388, 6.6667E-02, 8.8000E-01,-1.0667E+00,
18:55:44.71451393, 9.3333E-02, 8.9333E-01,-1.2000E+00,
18:55:44.71451398, 8.0000E-02, 8.9333E-01,-6.6667E-01,
18:55:44.71451403, 8.0000E-02, 8.9333E-01,-5.3333E-01,
18:55:44.71451408, 9.3333E-02, 9.0667E-01,-6.6667E-01,
18:55:44.71451413, 1.0667E-01, 8.9333E-01,-8.0000E-01,
18:55:44.71451418, 6.6667E-02, 8.8000E-01,-6.6667E-01,
18:55:44.71451423, 9.3333E-02, 9.0667E-01,-8.0000E-01,
18:55:44.71451428, 8.0000E-02, 8.9333E-01,-8.0000E-01,
18:55:44.71451433, 9.3333E-02, 8.8000E-01,-6.6667E-01,
18:55:44.71451438, 9.3333E-02, 8.9333E-01,-6.6667E-01,
18:55:44.71451443, 6.6667E-02, 8.9333E-01,-6.6667E-01,
18:55:44.71451448, 9.3333E-02, 9.2000E-01,-6.6667E-01,
18:55:44.71451453, 4.0000E-02, 9.0667E-01,-5.3333E-01,
18:55:44.71451458, 8.0000E-02, 9.0667E-01,-9.3333E-01,
18:55:44.71451463, 9.3333E-02, 8.8000E-01,-6.6667E-01,
18:55:44.71451468, 9.3333E-02, 8.8000E-01,-5.3333E-01,
18:55:44.71451473, 8.0000E-02, 8.9333E-01,-5.3333E-01,
18:55:44.71451478, 9.3333E-02, 8.8000E-01,-6.6667E-01,
18:55:44.71451483, 6.6667E-02, 8.9333E-01,-2.6667E-01,
18:55:44.71451488, 1.0667E-01, 9.3333E-01,-5.3333E-01,
18:55:44.71451493, 9.3333E-02, 8.8000E-01,-2.6667E-01,
18:55:44.71451498, 9.3333E-02, 8.9333E-01,-6.6667E-01,
18:55:44.71451503, 9.3333E-02, 8.8000E-01,-2.6667E-01,
18:55:44.71451508, 8.0000E-02, 8.9333E-01,-5.3333E-01,
18:55:44.71451513, 5.3333E-02, 9.0667E-01,-5.3333E-01,
18:55:44.71451518, 8.0000E-02, 9.0667E-01,-6.6667E-01,
18:55:44.71451523, 8.0000E-02, 8.8000E-01,-4.0000E-01,
18:55:44.71451528, 9.3333E-02, 8.5333E-01,-4.0000E-01,
18:55:44.71451533, 8.0000E-02, 8.8000E-01,-4.0000E-01,
18:55:44.71451538, 8.0000E-02, 8.8000E-01,-5.3333E-01,
18:55:44.71451543, 9.3333E-02, 8.9333E-01,-5.3333E-01,
18:55:44.71451548, 6.6667E-02, 8.6667E-01,-2.6667E-01,
18:55:44.71451553, 8.0000E-02, 8.9333E-01,-4.0000E-01,
18:55:44.71451558, 6.6667E-02, 8.8000E-01,-4.0000E-01,
18:55:44.71451563, 9.3333E-02, 9.0667E-01,-2.6667E-01,
18:55:44.71451568, 5.3333E-02, 8.9333E-01,-2.6667E-01,
18:55:44.71451573, 9.3333E-02, 9.0667E-01,-2.6667E-01,
18:55:44.71451578, 8.0000E-02, 8.9333E-01,-2.6667E-01,
18:55:44.71451583, 8.0000E-02, 8.9333E-01,-1.3333E-01,
18:55:44.71451588, 1.0667E-01, 8.9333E-01,-1.3333E-01,
18:55:44.71451593, 9.3333E-02, 8.9333E-01,-1.3333E-01,
18:55:44.71451598, 8.0000E-02, 8.9333E-01,-5.3333E-01,
18:55:44.71451603, 6.6667E-02, 8.9333E-01, 0.0000E+00,
18:55:44.71451608, 8.0000E-02, 8.9333E-01,-2.6667E-01,
18:55:44.71451613, 8.0000E-02, 8.9333E-01, 0.0000E+00,
18:55:44.71451618, 2.6667E-02, 8.8000E-01,-5.3333E-01,
18:55:44.71451623, 6.6667E-02, 8.9333E-01,-5.3333E-01,
18:55:44.71451628, 8.0000E-02, 8.6667E-01,-1.3333E-01,
18:55:44.71451633, 9.3333E-02, 8.8000E-01,-4.0000E-01,
18:55:44.71451638, 8.0000E-02, 8.8000E-01,-2.6667E-01,
18:55:44.71451643, 8.0000E-02, 9.2000E-01, 1.3333E-01,
18:55:44.71451648, 8.0000E-02, 8.8000E-01, 0.0000E+00,
18:55:44.71451653, 8.0000E-02, 9.0667E-01, 0.0000E+00,
18:55:44.71451658, 6.6667E-02, 8.8000E-01,-2.6667E-01,
18:55:44.71451663, 5.3333E-02, 8.9333E-01, 1.3333E-01,
18:55:44.71451668, 2.6667E-02, 8.8000E-01, 0.0000E+00,
18:55:44.71451673, 8.0000E-02, 8.9333E-01,-1.3333E-01,
18:55:44.71451678, 6.6667E-02, 8.9333E-01, 0.0000E+00,
18:55:44.71451683, 8.0000E-02, 8.9333E-01, 2.6667E-01,
18:55:44.71451688, 8.0000E-02, 8.9333E-01, 1.3333E-01,
18:55:44.71451693, 8.0000E-02, 8.9333E-01, 1.3333E-01,
18:55:44.71451698, 8.0000E-02, 8.9333E-01, 1.3333E-01,
18:55:44.71451703, 8.0000E-02, 8.9333E-01, 4.0000E-01,
18:55:44.71451708, 5.3333E-02, 8.9333E-01, 1.3333E-01,
18:55:44.71451713, 5.3333E-02, 8.9333E-01, 5.3333E-01,
18:55:44.71451718, 8.0000E-02, 9.0667E-01, 2.6667E-01,
18:55:44.71451723, 6.6667E-02, 9.0667E-01, 4.0000E-01,
18:55:44.71451728, 1.0667E-01, 8.9333E-01, 6.6667E-01,
18:55:44.71451733, 8.0000E-02, 8.9333E-01, 4.0000E-01,
18:55:44.71451738, 8.0000E-02, 8.8000E-01, 5.3333E-01,
18:55:44.71451743, 8.0000E-02, 8.9333E-01, 4.0000E-01,
18:55:44.71451748, 9.3333E-02, 8.9333E-01, 6.6667E-01,
18:55:44.71451753, 8.0000E-02, 8.9333E-01, 2.6667E-01,
18:55:44.71451758, 8.0000E-02, 9.0667E-01, 0.0000E+00,
18:55:44.71451763, 8.0000E-02, 9.0667E-01, 6.6667E-01,
18:55:44.71451768, 8.0000E-02, 8.8000E-01, 4.0000E-01,
18:55:44.71451773, 8.0000E-02, 8.9333E-01, 5.3333E-01,
18:55:44.71451778, 9.3333E-02, 9.0667E-01, 4.0000E-01,
18:55:44.71451783, 8.0000E-02, 8.9333E-01, 6.6667E-01,
18:55:44.71451788, 8.0000E-02, 8.9333E-01, 5.3333E-01,
18:55:44.71451793, 8.0000E-02, 8.9333E-01, 5.3333E-01,
18:55:44.71451798, 8.0000E-02, 8.9333E-01, 6.6667E-01,
18:55:44.71451803, 8.0000E-02, 8.9333E-01, 5.3333E-01,
18:55:44.71451808, 6.6667E-02, 8.9333E-01, 5.3333E-01,
18:55:44.71451813, 8.0000E-02, 8.6667E-01, 6.6667E-01,
18:55:44.71451818, 8.0000E-02, 8.9333E-01, 4.0000E-01,
18:55:44.71451823, 6.6667E-02, 9.0667E-01, 2.6667E-01,
18:55:44.71451828, 8.0000E-02, 8.9333E-01, 5.3333E-01,
18:55:44.71451833, 8.0000E-02, 9.0667E-01, 5.3333E-01,
18:55:44.71451838, 8.0000E-02, 9.2000E-01, 6.6667E-01,
18:55:44.71451843, 6.6667E-02, 9.3333E-01, 8.0000E-01,
18:55:44.71451848, 5.3333E-02, 9.4667E-01, 6.6667E-01,
18:55:44.71451853, 8.0000E-02, 9.0667E-01, 6.6667E-01,
18:55:44.71451858, 5.3333E-02, 8.9333E-01, 5.3333E-01,
18:55:44.71451863, 8.0000E-02, 9.0667E-01, 5.3333E-01,
18:55:44.71451868, 8.0000E-02, 9.4667E-01, 6.6667E-01,
18:55:44.71451873, 9.3333E-02, 9.0667E-01, 6.6667E-01,
18:55:44.71451878, 8.0000E-02, 9.0667E-01, 4.0000E-01,
18:55:44.71451883, 5.3333E-02, 9.2000E-01, 8.0000E-01,
18:55:44.71451888, 8.0000E-02, 8.9333E-01, 6.6667E-01,
18:55:44.71451893, 8.0000E-02, 9.0667E-01, 8.0000E-01,
18:55:44.71451898, 5.3333E-02, 9.0667E-01, 6.6667E-01,
18:55:44.71451903, 4.0000E-02, 9.0667E-01, 5.3333E-01,
18:55:44.71451908, 5.3333E-02, 9.2000E-01, 6.6667E-01,
18:55:44.71451913, 8.0000E-02, 9.3333E-01, 6.6667E-01,
18:55:44.71451918, 6.6667E-02, 9.0667E-01, 6.6667E-01,
18:55:44.71451923, 5.3333E-02, 9.2000E-01, 8.0000E-01,
18:55:44.71451928, 8.0000E-02, 9.2000E-01, 6.6667E-01,
18:55:44.71451933, 8.0000E-02, 9.0667E-01, 6.6667E-01,
18:55:44.71451938, 6.6667E-02, 9.0667E-01, 1.0667E+00,
18:55:44.71451943, 8.0000E-02, 9.2000E-01, 8.0000E-01,
18:55:44.71451948, 4.0000E-02, 9.2000E-01, 9.3333E-01,
18:55:44.71451953, 8.0000E-02, 9.2000E-01, 6.6667E-01,
18:55:44.71451958, 6.6667E-02, 9.2000E-01, 6.6667E-01,
18:55:44.71451963, 8.0000E-02, 9.3333E-01, 8.0000E-01,
18:55:44.71451968, 6.6667E-02, 9.0667E-01, 9.3333E-01,
18:55:44.71451973, 6.6667E-02, 9.2000E-01, 9.3333E-01,
18:55:44.71451978, 8.0000E-02, 9.3333E-01, 9.3333E-01,
18:55:44.71451983, 8.0000E-02, 9.0667E-01, 9.3333E-01,
18:55:44.71451988, 8.0000E-02, 9.2000E-01, 1.0667E+00,
18:55:44.71451993, 8.0000E-02, 9.0667E-01, 1.0667E+00,
18:55:44.71451998, 4.0000E-02, 8.9333E-01, 8.0000E-01,
18:55:44.71452003, 6.6667E-02, 9.6000E-01, 9.3333E-01,
18:55:44.71452008, 6.6667E-02, 9.0667E-01, 9.3333E-01,
18:55:44.71452013, 6.6667E-02, 9.2000E-01, 8.0000E-01,
18:55:44.71452018, 8.0000E-02, 9.2000E-01, 1.0667E+00,
18:55:44.71452023, 8.0000E-02, 9.6000E-01, 1.0667E+00,
18:55:44.71452028, 8.0000E-02, 9.2000E-01, 9.3333E-01,
18:55:44.71452033, 8.0000E-02, 9.3333E-01, 1.2000E+00,
18:55:44.71452038, 8.0000E-02, 9.0667E-01, 1.3333E+00,
18:55:44.71452043, 6.6667E-02, 9.4667E-01, 1.0667E+00,
18:55:44.71452048, 4.0000E-02, 9.3333E-01, 1.3333E+00,
18:55:44.71452053, 6.6667E-02, 9.0667E-01, 9.3333E-01,
18:55:44.71452058, 5.3333E-02, 9.4667E-01, 9.3333E-01,
18:55:44.71452063, 8.0000E-02, 9.4667E-01, 1.0667E+00,
18:55:44.71452068, 8.0000E-02, 9.3333E-01, 9.3333E-01,
18:55:44.71452073, 5.3333E-02, 9.4667E-01, 1.2000E+00,
18:55:44.71452078, 8.0000E-02, 9.3333E-01, 8.0000E-01,
18:55:44.71452083, 6.6667E-02, 9.3333E-01, 1.2000E+00,
18:55:44.71452088, 5.3333E-02, 9.7333E-01, 1.3333E+00,
18:55:44.71452093, 5.3333E-02, 9.4667E-01, 1.3333E+00,
18:55:44.71452098, 6.6667E-02, 9.2000E-01, 6.6667E-01,
18:55:44.71452103, 6.6667E-02, 9.4667E-01, 1.2000E+00,
18:55:44.71452108, 6.6667E-02, 9.6000E-01, 6.6667E-01,
18:55:44.71452113, 6.6667E-02, 9.3333E-01, 1.0667E+00,
18:55:44.71452118, 1.0667E-01, 9.4667E-01, 1.2000E+00,
18:55:44.71452123, 6.6667E-02, 9.2000E-01, 1.2000E+00,
18:55:44.71452128, 8.0000E-02, 9.4667E-01, 1.2000E+00,
18:55:44.71452133, 5.3333E-02, 9.4667E-01, 1.2000E+00,
18:55:44.71452138, 1.3333E-02, 9.3333E-01, 1.2000E+00,
18:55:44.71452143, 8.0000E-02, 9.4667E-01, 1.2000E+00,
18:55:44.71452148, 4.0000E-02, 9.2000E-01, 1.2000E+00,
18:55:44.71452153, 8.0000E-02, 9.4667E-01, 1.0667E+00,
18:55:44.71452158, 5.3333E-02, 9.3333E-01, 1.3333E+00,
18:55:44.71452163, 8.0000E-02, 9.4667E-01, 9.3333E-01,
18:55:44.71452168, 1.0667E-01, 9.4667E-01, 9.3333E-01,
18:55:44.71452173, 9.3333E-02, 9.4667E-01, 1.3333E+00,
18:55:44.71452178, 9.3333E-02, 9.2000E-01, 1.0667E+00,
18:55:44.71452183, 4.0000E-02, 9.0667E-01, 1.2000E+00,
18:55:44.71452188, 5.3333E-02, 9.4667E-01, 1.6000E+00,
18:55:44.71452193, 9.3333E-02, 9.6000E-01, 1.4667E+00,
18:55:44.71452198, 8.0000E-02, 9.4667E-01, 1.3333E+00,
18:55:44.71452203, 6.6667E-02, 9.3333E-01, 1.3333E+00,
18:55:44.71452208, 6.6667E-02, 9.6000E-01, 1.6000E+00,
18:55:44.71452213, 9.3333E-02, 9.3333E-01, 1.2000E+00,
18:55:44.71452218, 8.0000E-02, 9.3333E-01, 1.4667E+00,
18:55:44.71452223, 8.0000E-02, 9.4667E-01, 1.0667E+00,
18:55:44.71452228, 6.6667E-02, 9.6000E-01, 1.2000E+00,
18:55:44.71452233, 8.0000E-02, 9.4667E-01, 1.3333E+00,
18:55:44.71452238, 8.0000E-02, 9.4667E-01, 1.6000E+00,
18:55:44.71452243, 6.6667E-02, 9.2000E-01, 1.2000E+00,
18:55:44.71452248, 6.6667E-02, 9.6000E-01, 1.3333E+00,
18:55:44.71452253, 4.0000E-02, 9.7333E-01, 1.4667E+00,
18:55:44.71452258, 8.0000E-02, 9.0667E-01, 1.4667E+00,
18:55:44.71452263, 6.6667E-02, 9.3333E-01, 1.0667E+00,
18:55:44.71452268, 8.0000E-02, 9.6000E-01, 1.4667E+00,
18:55:44.71452273, 6.6667E-02, 9.7333E-01, 1.6000E+00,
18:55:44.71452278, 6.6667E-02, 9.6000E-01, 1.4667E+00,
18:55:44.71452283, 6.6667E-02, 9.7333E-01, 1.4667E+00,
18:55:44.71452288, 8.0000E-02, 9.4667E-01, 1.4667E+00,
18:55:44.71452293, 8.0000E-02, 1.0000E+00, 1.4667E+00,
18:55:44.71452298, 8.0000E-02, 9.7333E-01, 1.2000E+00,
18:55:44.71452303, 8.0000E-02, 9.7333E-01, 1.3333E+00,
18:55:44.71452308, 5.3333E-02, 9.6000E-01, 1.3333E+00,
18:55:44.71452313, 8.0000E-02, 9.8667E-01, 1.4667E+00,
18:55:44.71452318, 8.0000E-02, 9.8667E-01, 1.6000E+00,
18:55:44.71452323, 8.0000E-02, 9.8667E-01, 1.3333E+00,
18:55:44.71452328, 8.0000E-02, 9.7333E-01, 1.3333E+00,
18:55:44.71452333, 8.0000E-02, 9.4667E-01, 1.3333E+00,
18:55:44.71452338, 6.6667E-02, 9.7333E-01, 1.6000E+00,
18:55:44.71452343, 8.0000E-02, 9.3333E-01, 1.7333E+00,
18:55:44.71452348, 4.0000E-02, 9.7333E-01, 1.3333E+00,
18:55:44.71452353, 4.0000E-02, 9.6000E-01, 1.0667E+00,
18:55:44.71452358, 8.0000E-02, 9.6000E-01, 1.3333E+00,
18:55:44.71452363, 9.3333E-02, 9.8667E-01, 1.2000E+00,
18:55:44.71452368, 5.3333E-02, 1.0000E+00, 1.6000E+00,
18:55:44.71452373, 8.0000E-02, 9.8667E-01, 1.3333E+00,
18:55:44.71452378, 8.0000E-02, 9.7333E-01, 1.3333E+00,
18:55:44.71452383, 5.3333E-02, 9.8667E-01, 1.4667E+00,
18:55:44.71452388, 6.6667E-02, 9.8667E-01, 1.0667E+00,
18:55:44.71452393, 5.3333E-02, 9.7333E-01, 1.2000E+00,
18:55:44.71452398, 8.0000E-02, 9.6000E-01, 1.4667E+00,
18:55:44.71452403, 8.0000E-02, 9.7333E-01, 1.6000E+00,
18:55:44.71452408, 8.0000E-02, 1.0000E+00, 1.3333E+00,
18:55:44.71452413, 8.0000E-02, 9.8667E-01, 1.3333E+00,
18:55:44.71452418, 6.6667E-02, 1.0000E+00, 1.4667E+00,
18:55:44.71452423, 5.3333E-02, 1.0133E+00, 1.4667E+00,
18:55:44.71452428, 5.3333E-02, 1.0133E+00, 1.7333E+00,
18:55:44.71452433, 5.3333E-02, 1.0133E+00, 1.4667E+00,
18:55:44.71452438, 8.0000E-02, 9.7333E-01, 1.4667E+00,
18:55:44.71452443, 8.0000E-02, 9.8667E-01, 1.6000E+00,
18:55:44.71452448, 8.0000E-02, 9.7333E-01, 1.6000E+00,
18:55:44.71452453, 8.0000E-02, 9.8667E-01, 1.4667E+00,
18:55:44.71452458, 6.6667E-02, 1.0133E+00, 1.6000E+00,
18:55:44.71452463, 8.0000E-02, 9.8667E-01, 1.3333E+00,
18:55:44.71452468, 8.0000E-02, 1.0000E+00, 1.3333E+00,
18:55:44.71452473, 6.6667E-02, 1.0267E+00, 1.3333E+00,
18:55:44.71452478, 6.6667E-02, 1.0000E+00, 1.4667E+00,
18:55:44.71452483, 6.6667E-02, 1.0133E+00, 1.4667E+00,
18:55:44.71452488, 8.0000E-02, 1.0133E+00, 1.4667E+00,
18:55:44.71452493, 6.6667E-02, 1.0133E+00, 1.2000E+00,
18:55:44.71452498, 8.0000E-02, 1.0267E+00, 1.3333E+00,
18:55:44.71452503, 8.0000E-02, 1.0000E+00, 1.3333E+00,
18:55:44.71452508, 6.6667E-02, 1.0000E+00, 1.8667E+00,
18:55:44.71452513, 9.3333E-02, 9.8667E-01, 1.3333E+00,
18:55:44.71452518, 5.3333E-02, 9.8667E-01, 1.6000E+00,
18:55:44.71452523, 5.3333E-02, 1.0133E+00, 1.6000E+00,
18:55:44.71452528, 5.3333E-02, 1.0000E+00, 1.3333E+00,
18:55:44.71452533, 8.0000E-02, 9.8667E-01, 1.0667E+00,
18:55:44.71452538, 8.0000E-02, 1.0267E+00, 1.0667E+00,
18:55:44.71452543, 8.0000E-02, 9.7333E-01, 1.3333E+00,
18:55:44.71452548, 8.0000E-02, 1.0133E+00, 1.2000E+00,
18:55:44.71452553, 8.0000E-02, 1.0000E+00, 1.2000E+00,
18:55:44.71452558, 8.0000E-02, 1.0400E+00, 1.3333E+00,
18:55:44.71452563, 6.6667E-02, 1.0000E+00, 1.3333E+00,
18:55:44.71452568, 5.3333E-02, 1.0133E+00, 1.4667E+00,
18:55:44.71452573, 5.3333E-02, 1.0133E+00, 1.4667E+00,
18:55:44.71452578, 8.0000E-02, 1.0267E+00, 1.4667E+00,
18:55:44.71452583, 8.0000E-02, 1.0000E+00, 1.3333E+00,
18:55:44.71452588, 6.6667E-02, 1.0000E+00, 9.3333E-01,
18:55:44.71452593, 9.3333E-02, 1.0000E+00, 1.2000E+00,
18:55:44.71452598, 8.0000E-02, 1.0133E+00, 1.0667E+00,
18:55:44.71452603, 1.0667E-01, 1.0000E+00, 1.2000E+00,
18:55:44.71452608, 8.0000E-02, 1.0000E+00, 1.0667E+00,
18:55:44.71452613, 9.3333E-02, 1.0133E+00, 1.2000E+00,
18:55:44.71452618, 8.0000E-02, 1.0000E+00, 1.2000E+00,
18:55:44.71452623, 8.0000E-02, 1.0267E+00, 1.2000E+00,
18:55:44.71452628, 2.6667E-02, 1.0267E+00, 1.2000E+00,
18:55:44.71452633, 9.3333E-02, 1.0267E+00, 1.2000E+00,
18:55:44.71452638, 9.3333E-02, 1.0267E+00, 1.0667E+00,
18:55:44.71452643, 6.6667E-02, 1.0267E+00, 1.2000E+00,
18:55:44.71452648, 8.0000E-02, 1.0000E+00, 1.2000E+00,
18:55:44.71452653, 8.0000E-02, 1.0267E+00, 1.2000E+00,
18:55:44.71452658, 8.0000E-02, 1.0000E+00, 1.4667E+00,
18:55:44.71452663, 6.6667E-02, 1.0267E+00, 1.2000E+00,
18:55:44.71452668, 5.3333E-02, 1.0267E+00, 1.3333E+00,
18:55:44.71452673, 8.0000E-02, 1.0267E+00, 1.3333E+00,
18:55:44.71452678, 6.6667E-02, 1.0267E+00, 1.3333E+00,
18:55:44.71452683, 5.3333E-02, 1.0133E+00, 1.3333E+00,
18:55:44.71452688, 5.3333E-02, 1.0267E+00, 8.0000E-01,
18:55:44.71452693, 8.0000E-02, 1.0133E+00, 9.3333E-01,
18:55:44.71452698, 8.0000E-02, 1.0133E+00, 1.0667E+00,
18:55:44.71452703, 9.3333E-02, 1.0133E+00, 1.2000E+00,
18:55:44.71452708, 9.3333E-02, 1.0400E+00, 1.2000E+00,
18:55:44.71452713, 5.3333E-02, 1.0267E+00, 1.4667E+00,
18:55:44.71452718, 8.0000E-02, 1.0133E+00, 1.7333E+00,
18:55:44.71452723, 6.6667E-02, 1.0267E+00, 1.4667E+00,
18:55:44.71452728, 9.3333E-02, 1.0267E+00, 1.0667E+00,
18:55:44.71452733, 8.0000E-02, 1.0400E+00, 1.2000E+00,
18:55:44.71452738, 5.3333E-02, 1.0267E+00, 1.2000E+00,
18:55:44.71452743, 8.0000E-02, 1.0267E+00, 8.0000E-01,
18:55:44.71452748, 8.0000E-02, 1.0133E+00, 1.0667E+00,
18:55:44.71452753, 5.3333E-02, 1.0400E+00, 1.0667E+00,
18:55:44.71452758, 8.0000E-02, 1.0267E+00, 1.3333E+00,
18:55:44.71452763, 6.6667E-02, 1.0267E+00, 1.2000E+00,
18:55:44.71452768, 8.0000E-02, 1.0267E+00, 1.2000E+00,
18:55:44.71452773, 8.0000E-02, 1.0267E+00, 8.0000E-01,
18:55:44.71452778, 8.0000E-02, 1.0400E+00, 9.3333E-01,
18:55:44.71452783, 6.6667E-02, 1.0267E+00, 1.0667E+00,
18:55:44.71452788, 8.0000E-02, 1.0267E+00, 8.0000E-01,
18:55:44.71452793, 8.0000E-02, 1.0267E+00, 8.0000E-01,
18:55:44.71452798, 6.6667E-02, 1.0133E+00, 1.2000E+00,
18:55:44.71452803, 8.0000E-02, 1.0533E+00, 1.2000E+00,
18:55:44.71452808, 8.0000E-02, 1.0533E+00, 1.0667E+00,
18:55:44.71452813, 8.0000E-02, 1.0000E+00, 6.6667E-01,
18:55:44.71452818, 6.6667E-02, 1.0267E+00, 1.0667E+00,
18:55:44.71452823, 8.0000E-02, 1.0267E+00, 6.6667E-01,
18:55:44.71452828, 8.0000E-02, 1.0400E+00, 8.0000E-01,
18:55:44.71452833, 8.0000E-02, 1.0400E+00, 9.3333E-01,
18:55:44.71452838, 8.0000E-02, 1.0267E+00, 9.3333E-01,
18:55:44.71452843, 5.3333E-02, 1.0533E+00, 1.2000E+00,
18:55:44.71452848, 6.6667E-02, 1.0267E+00, 6.6667E-01,
18:55:44.71452853, 8.0000E-02, 1.0400E+00, 1.0667E+00,
18:55:44.71452858, 5.3333E-02, 1.0267E+00, 1.2000E+00,
18:55:44.71452863, 5.3333E-02, 1.0533E+00, 9.3333E-01,
18:55:44.71452868, 4.0000E-02, 1.0267E+00, 8.0000E-01,
18:55:44.71452873, 6.6667E-02, 1.0267E+00, 8.0000E-01,
18:55:44.71452878, 8.0000E-02, 1.0267E+00, 9.3333E-01,
18:55:44.71452883, 8.0000E-02, 1.0400E+00, 6.6667E-01,
18:55:44.71452888, 8.0000E-02, 1.0267E+00, 8.0000E-01,
18:55:44.71452893, 8.0000E-02, 1.0400E+00, 1.0667E+00,
18:55:44.71452898, 8.0000E-02, 1.0267E+00, 8.0000E-01,
18:55:44.71452903, 5.3333E-02, 1.0400E+00, 9.3333E-01,
18:55:44.71452908, 6.6667E-02, 1.0267E+00, 8.0000E-01,
18:55:44.71452913, 8.0000E-02, 1.0533E+00, 8.0000E-01,
18:55:44.71452918, 8.0000E-02, 1.0267E+00, 8.0000E-01,
18:55:44.71452923, 8.0000E-02, 1.0533E+00, 6.6667E-01,
18:55:44.71452928, 6.6667E-02, 1.0400E+00, 6.6667E-01,
18:55:44.71452933, 8.0000E-02, 1.0267E+00, 8.0000E-01,
18:55:44.71452938, 8.0000E-02, 1.0533E+00, 8.0000E-01,
18:55:44.71452943, 8.0000E-02, 1.0133E+00, 6.6667E-01,
18:55:44.71452948, 6.6667E-02, 1.0267E+00, 6.6667E-01,
18:55:44.71452953, 5.3333E-02, 1.0267E+00, 9.3333E-01,
18:55:44.71452958, 8.0000E-02, 1.0400E+00, 8.0000E-01,
18:55:44.71452963, 6.6667E-02, 1.0667E+00, 6.6667E-01,
18:55:44.71452968, 8.0000E-02, 1.0133E+00, 6.6667E-01,
18:55:44.71452973, 1.0667E-01, 1.0267E+00, 5.3333E-01,
18:55:44.71452978, 8.0000E-02, 1.0400E+00, 8.0000E-01,
18:55:44.71452983, 8.0000E-02, 1.0533E+00, 6.6667E-01,
18:55:44.71452988, 8.0000E-02, 1.0267E+00, 6.6667E-01,
18:55:44.71452993, 1.2000E-01, 1.0267E+00, 5.3333E-01,
18:55:44.71452998, 9.3333E-02, 1.0267E+00, 6.6667E-01,
18:55:44.71453003, 5.3333E-02, 1.0267E+00, 8.0000E-01,
18:55:44.71453008, 5.3333E-02, 1.0400E+00, 4.0000E-01,
18:55:44.71453013, 9.3333E-02, 1.0533E+00, 6.6667E-01,
18:55:44.71453018, 8.0000E-02, 1.0533E+00, 6.6667E-01,
18:55:44.71453023, 8.0000E-02, 1.0533E+00, 6.6667E-01,
18:55:44.71453028, 6.6667E-02, 1.0400E+00, 5.3333E-01,
18:55:44.71453033, 8.0000E-02, 1.0400E+00, 5.3333E-01,
18:55:44.71453038, 8.0000E-02, 1.0400E+00, 4.0000E-01,
18:55:44.71453043, 8.0000E-02, 1.0400E+00, 4.0000E-01,
18:55:44.71453048, 5.3333E-02, 1.0400E+00, 2.6667E-01,
18:55:44.71453053, 6.6667E-02, 1.0267E+00, 6.6667E-01,
18:55:44.71453058, 6.6667E-02, 1.0533E+00, 4.0000E-01,
18:55:44.71453063, 8.0000E-02, 1.0267E+00, 4.0000E-01,
18:55:44.71453068, 6.6667E-02, 1.0400E+00, 5.3333E-01,
18:55:44.71453073, 8.0000E-02, 1.0267E+00, 6.6667E-01,
18:55:44.71453078, 8.0000E-02, 1.0267E+00, 5.3333E-01,
18:55:44.71453083, 9.3333E-02, 1.0400E+00, 2.6667E-01,
18:55:44.71453088, 6.6667E-02, 1.0267E+00, 5.3333E-01,
18:55:44.71453093, 8.0000E-02, 1.0267E+00, 5.3333E-01,
18:55:44.71453098, 6.6667E-02, 1.0533E+00, 6.6667E-01,
18:55:44.71453103, 2.6667E-02, 1.0400E+00, 8.0000E-01,
18:55:44.71453108, 5.3333E-02, 1.0267E+00, 6.6667E-01,
18:55:44.71453113, 8.0000E-02, 1.0267E+00, 2.6667E-01,
18:55:44.71453118, 8.0000E-02, 1.0533E+00, 1.3333E-01,
18:55:44.71453123, 8.0000E-02, 1.0667E+00, 4.0000E-01,
18:55:44.71453128, 8.0000E-02, 1.0400E+00, 2.6667E-01,
18:55:44.71453133, 6.6667E-02, 1.0400E+00, 6.6667E-01,
18:55:44.71453138, 8.0000E-02, 1.0533E+00, 6.6667E-01,
18:55:44.71453143, 5.3333E-02, 1.0267E+00, 4.0000E-01,
18:55:44.71453148, 6.6667E-02, 1.0400E+00, 2.6667E-01,
18:55:44.71453153, 6.6667E-02, 1.0267E+00, 5.3333E-01,
18:55:44.71453158, 8.0000E-02, 1.0267E+00, 5.3333E-01,
18:55:44.71453163, 6.6667E-02, 1.0133E+00, 4.0000E-01,
18:55:44.71453168, 6.6667E-02, 1.0400E+00, 5.3333E-01,
18:55:44.71453173, 8.0000E-02, 1.0267E+00, 1.3333E-01,
18:55:44.71453178, 6.6667E-02, 1.0400E+00, 1.3333E-01,
18:55:44.71453183, 5.3333E-02, 1.0267E+00, 2.6667E-01,
18:55:44.71453188, 5.3333E-02, 1.0267E+00, 1.3333E-01,
18:55:44.71453193, 6.6667E-02, 1.0400E+00, 5.3333E-01,
18:55:44.71453198, 4.0000E-02, 1.0267E+00, 2.6667E-01,
18:55:44.71453203, 8.0000E-02, 1.0400E+00, 0.0000E+00,
18:55:44.71453208, 9.3333E-02, 1.0133E+00, 5.3333E-01,
18:55:44.71453213, 6.6667E-02, 1.0400E+00, 2.6667E-01,
18:55:44.71453218, 8.0000E-02, 1.0267E+00, 0.0000E+00,
18:55:44.71453223, 5.3333E-02, 1.0267E+00, 0.0000E+00,
18:55:44.71453228, 8.0000E-02, 1.0533E+00,-1.3333E-01,
18:55:44.71453233, 5.3333E-02, 1.0533E+00, 2.6667E-01,
18:55:44.71453238, 4.0000E-02, 1.0133E+00,-1.3333E-01,
18:55:44.71453243, 2.6667E-02, 1.0267E+00, 2.6667E-01,
18:55:44.71453248, 8.0000E-02, 1.0267E+00, 1.3333E-01,
18:55:44.71453253, 5.3333E-02, 1.0267E+00,-1.3333E-01,
18:55:44.71453258, 4.0000E-02, 1.0267E+00, 2.6667E-01,
18:55:44.71453263, 6.6667E-02, 1.0267E+00, 4.0000E-01,
18:55:44.71453268, 6.6667E-02, 1.0400E+00, 0.0000E+00,
18:55:44.71453273, 6.6667E-02, 1.0267E+00,-2.6667E-01,
18:55:44.71453278, 8.0000E-02, 1.0267E+00, 1.3333E-01,
18:55:44.71453283, 8.0000E-02, 1.0267E+00, 0.0000E+00,
18:55:44.71453288, 9.3333E-02, 1.0267E+00, 4.0000E-01,
18:55:44.71453293, 5.3333E-02, 1.0267E+00, 1.3333E-01,
18:55:44.71453298, 5.3333E-02, 1.0400E+00,-1.3333E-01,
18:55:44.71453303, 8.0000E-02, 1.0267E+00, 1.3333E-01,
18:55:44.71453308, 6.6667E-02, 1.0267E+00,-1.3333E-01,
18:55:44.71453313, 5.3333E-02, 1.0400E+00, 1.3333E-01,
18:55:44.71453318, 8.0000E-02, 1.0267E+00, 1.3333E-01,
18:55:44.71453323, 5.3333E-02, 1.0533E+00,-4.0000E-01,
18:55:44.71453328, 6.6667E-02, 1.0133E+00,-1.3333E-01,
18:55:44.71453333, 5.3333E-02, 1.0267E+00, 1.3333E-01,
18:55:44.71453338, 4.0000E-02, 1.0267E+00, 1.3333E-01,
18:55:44.71453343, 1.3333E-02, 1.0400E+00,-1.3333E-01,
18:55:44.71453348, 6.6667E-02, 1.0400E+00,-2.6667E-01,
18:55:44.71453353, 5.3333E-02, 1.0533E+00, 0.0000E+00,
18:55:44.71453358, 8.0000E-02, 1.0267E+00,-1.3333E-01,
18:55:44.71453363, 8.0000E-02, 1.0267E+00,-1.3333E-01,
18:55:44.71453368, 8.0000E-02, 1.0267E+00,-5.3333E-01,
18:55:44.71453373, 5.3333E-02, 1.0133E+00,-1.3333E-01,
18:55:44.71453378, 6.6667E-02, 1.0400E+00,-2.6667E-01,
18:55:44.71453383, 6.6667E-02, 1.0133E+00, 0.0000E+00,
18:55:44.71453388, 2.6667E-02, 1.0267E+00,-6.6667E-01,
18:55:44.71453393, 6.6667E-02, 1.0267E+00,-2.6667E-01,
18:55:44.71453398, 8.0000E-02, 1.0533E+00,-2.6667E-01,
18:55:44.71453403, 6.6667E-02, 1.0133E+00,-1.3333E-01,
18:55:44.71453408, 9.3333E-02, 1.0267E+00, 2.6667E-01,
18:55:44.71453413, 5.3333E-02, 1.0400E+00,-4.0000E-01,
18:55:44.71453418, 8.0000E-02, 1.0533E+00,-5.3333E-01,
18:55:44.71453423, 6.6667E-02, 1.0000E+00,-2.6667E-01,
18:55:44.71453428, 4.0000E-02, 1.0267E+00,-1.3333E-01,
18:55:44.71453433, 8.0000E-02, 1.0133E+00,-1.3333E-01,
18:55:44.71453438, 4.0000E-02, 1.0267E+00,-1.3333E-01,
18:55:44.71453443, 5.3333E-02, 1.0267E+00,-4.0000E-01,
18:55:44.71453448, 6.6667E-02, 9.8667E-01,-4.0000E-01,
18:55:44.71453453, 6.6667E-02, 9.8667E-01,-4.0000E-01,
18:55:44.71453458, 8.0000E-02, 1.0133E+00,-5.3333E-01,
18:55:44.71453463, 8.0000E-02, 1.0267E+00,-4.0000E-01,
18:55:44.71453468, 8.0000E-02, 1.0000E+00,-2.6667E-01,
18:55:44.71453473, 6.6667E-02, 1.0267E+00,-1.3333E-01,
18:55:44.71453478, 4.0000E-02, 1.0267E+00,-4.0000E-01,
18:55:44.71453483, 4.0000E-02, 1.0267E+00,-2.6667E-01,
18:55:44.71453488, 6.6667E-02, 1.0400E+00,-2.6667E-01,
18:55:44.71453493, 8.0000E-02, 1.0133E+00,-2.6667E-01,
18:55:44.71453498, 6.6667E-02, 1.0267E+00,-1.3333E-01,
18:55:44.71453503, 6.6667E-02, 1.0267E+00,-4.0000E-01,
18:55:44.71453508, 6.6667E-02, 1.0533E+00,-5.3333E-01,
18:55:44.71453513, 5.3333E-02, 1.0533E+00,-5.3333E-01,
18:55:44.71453518, 6.6667E-02, 1.0267E+00,-4.0000E-01,
18:55:44.71453523, 2.6667E-02, 1.0267E+00,-2.6667E-01,
18:55:44.71453528, 4.0000E-02, 1.0267E+00,-1.3333E-01,
18:55:44.71453533, 4.0000E-02, 1.0267E+00,-4.0000E-01,
18:55:44.71453538, 8.0000E-02, 1.0133E+00,-1.3333E-01,
18:55:44.71453543, 8.0000E-02, 1.0267E+00,-4.0000E-01,
18:55:44.71453548, 8.0000E-02, 1.0267E+00,-2.6667E-01,
18:55:44.71453553, 6.6667E-02, 1.0267E+00,-4.0000E-01,
18:55:44.71453558, 5.3333E-02, 1.0133E+00,-5.3333E-01,
18:55:44.71453563, 2.6667E-02, 1.0133E+00,-4.0000E-01,
18:55:44.71453568, 8.0000E-02, 9.8667E-01,-2.6667E-01,
18:55:44.71453573, 2.6667E-02, 1.0267E+00,-6.6667E-01,
18:55:44.71453578, 4.0000E-02, 1.0267E+00,-4.0000E-01,
18:55:44.71453583, 2.6667E-02, 1.0267E+00,-4.0000E-01,
18:55:44.71453588, 5.3333E-02, 1.0267E+00,-6.6667E-01,
18:55:44.71453593, 6.6667E-02, 1.0400E+00,-4.0000E-01,
18:55:44.71453598, 8.0000E-02, 1.0133E+00,-4.0000E-01,
18:55:44.71453603, 6.6667E-02, 1.0000E+00,-5.3333E-01,
18:55:44.71453608, 5.3333E-02, 1.0267E+00,-4.0000E-01,
18:55:44.71453613, 6.6667E-02, 1.0267E+00,-2.6667E-01,
18:55:44.71453618, 5.3333E-02, 1.0000E+00,-5.3333E-01,
18:55:44.71453623, 2.6667E-02, 1.0267E+00,-5.3333E-01,
18:55:44.71453628, 5.3333E-02, 1.0133E+00,-6.6667E-01,
18:55:44.71453633, 4.0000E-02, 1.0000E+00,-6.6667E-01,
18:55:44.71453638, 5.3333E-02, 1.0000E+00,-6.6667E-01,
18:55:44.71453643, 4.0000E-02, 1.0267E+00,-5.3333E-01,
18:55:44.71453648, 4.0000E-02, 1.0267E+00,-2.6667E-01,
18:55:44.71453653, 8.0000E-02, 1.0133E+00,-4.0000E-01,
18:55:44.71453658, 6.6667E-02, 1.0133E+00,-6.6667E-01,
18:55:44.71453663, 9.3333E-02, 1.0133E+00,-6.6667E-01,
18:55:44.71453668, 1.3333E-02, 1.0000E+00,-8.0000E-01,
18:55:44.71453673, 8.0000E-02, 1.0133E+00,-6.6667E-01,
18:55:44.71453678, 6.6667E-02, 9.8667E-01,-5.3333E-01,
18:55:44.71453683, 2.6667E-02, 1.0000E+00,-4.0000E-01,
18:55:44.71453688, 6.6667E-02, 1.0000E+00,-4.0000E-01,
18:55:44.71453693, 8.0000E-02, 1.0000E+00,-6.6667E-01,
18:55:44.71453698, 6.6667E-02, 1.0267E+00,-6.6667E-01,
18:55:44.71453703, 8.0000E-02, 1.0133E+00,-6.6667E-01,
18:55:44.71453708, 6.6667E-02, 1.0000E+00,-8.0000E-01,
18:55:44.71453713, 2.6667E-02, 1.0000E+00,-6.6667E-01,
18:55:44.71453718, 4.0000E-02, 1.0000E+00,-5.3333E-01,
18:55:44.71453723, 4.0000E-02, 1.0000E+00,-6.6667E-01,
18:55:44.71453728, 6.6667E-02, 1.0267E+00,-8.0000E-01,
18:55:44.71453733, 5.3333E-02, 1.0267E+00,-2.6667E-01,
18:55:44.71453738, 1.3333E-02, 1.0000E+00,-6.6667E-01,
18:55:44.71453743, 5.3333E-02, 1.0267E+00,-4.0000E-01,
18:55:44.71453748, 5.3333E-02, 1.0267E+00,-5.3333E-01,
18:55:44.71453753, 2.6667E-02, 1.0267E+00,-6.6667E-01,
18:55:44.71453758, 6.6667E-02, 1.0267E+00,-6.6667E-01,
18:55:44.71453763, 8.0000E-02, 1.0267E+00,-5.3333E-01,
18:55:44.71453768, 4.0000E-02, 1.0000E+00,-6.6667E-01,
18:55:44.71453773, 5.3333E-02, 9.8667E-01,-5.3333E-01,
18:55:44.71453778, 4.0000E-02, 1.0267E+00,-5.3333E-01,
18:55:44.71453783, 5.3333E-02, 1.0133E+00,-6.6667E-01,
18:55:44.71453788, 8.0000E-02, 9.8667E-01,-4.0000E-01,
18:55:44.71453793, 4.0000E-02, 1.0133E+00,-5.3333E-01,
18:55:44.71453798, 4.0000E-02, 1.0133E+00,-6.6667E-01,
18:55:44.71453803, 5.3333E-02, 1.0267E+00,-5.3333E-01,
18:55:44.71453808, 2.6667E-02, 9.8667E-01,-6.6667E-01,
18:55:44.71453813, 6.6667E-02, 1.0000E+00,-9.3333E-01,
18:55:44.71453818, 1.3333E-02, 1.0000E+00,-4.0000E-01,
18:55:44.71453823, 5.3333E-02, 1.0267E+00,-6.6667E-01,
18:55:44.71453828, 1.3333E-02, 1.0000E+00,-2.6667E-01,
18:55:44.71453833, 5.3333E-02, 1.0000E+00,-6.6667E-01,
18:55:44.71453838, 2.6667E-02, 1.0000E+00,-6.6667E-01,
18:55:44.71453843, 5.3333E-02, 1.0267E+00,-2.6667E-01,
18:55:44.71453848, 6.6667E-02, 9.8667E-01,-5.3333E-01,
18:55:44.71453853, 5.3333E-02, 9.8667E-01,-6.6667E-01,
18:55:44.71453858, 0.0000E+00, 1.0000E+00,-6.6667E-01,
18:55:44.71453863, 4.0000E-02, 9.6000E-01,-8.0000E-01,
18:55:44.71453868, 8.0000E-02, 9.7333E-01,-6.6667E-01,
18:55:44.71453873, 2.6667E-02, 9.8667E-01,-6.6667E-01,
18:55:44.71453878, 4.0000E-02, 9.8667E-01,-6.6667E-01,
18:55:44.71453883, 6.6667E-02, 9.8667E-01,-2.6667E-01,
18:55:44.71453888, 5.3333E-02, 1.0000E+00, 0.0000E+00,
18:55:44.71453893, 6.6667E-02, 1.0000E+00,-2.6667E-01,
18:55:44.71453898, 6.6667E-02, 1.0000E+00,-5.3333E-01,
18:55:44.71453903, 5.3333E-02, 1.0133E+00,-6.6667E-01,
18:55:44.71453908, 6.6667E-02, 9.4667E-01,-6.6667E-01,
18:55:44.71453913, 0.0000E+00, 9.6000E-01,-6.6667E-01,
18:55:44.71453918, 4.0000E-02, 9.8667E-01,-6.6667E-01,
18:55:44.71453923, 5.3333E-02, 1.0000E+00,-6.6667E-01,
18:55:44.71453928, 4.0000E-02, 1.0000E+00,-6.6667E-01,
18:55:44.71453933, 5.3333E-02, 1.0000E+00,-4.0000E-01,
18:55:44.71453938, 6.6667E-02, 1.0133E+00,-6.6667E-01,
18:55:44.71453943, 8.0000E-02, 9.7333E-01,-6.6667E-01,
18:55:44.71453948, 5.3333E-02, 9.7333E-01,-6.6667E-01,
18:55:44.71453953, 4.0000E-02, 9.8667E-01,-6.6667E-01,
18:55:44.71453958, 5.3333E-02, 9.8667E-01,-6.6667E-01,
18:55:44.71453963, 4.0000E-02, 1.0133E+00,-6.6667E-01,
18:55:44.71453968, 2.6667E-02, 9.3333E-01,-5.3333E-01,
18:55:44.71453973, 4.0000E-02, 1.0133E+00,-8.0000E-01,
18:55:44.71453978, 5.3333E-02, 9.6000E-01,-5.3333E-01,
18:55:44.71453983, 5.3333E-02, 9.6000E-01,-5.3333E-01,
18:55:44.71453988, 5.3333E-02, 9.6000E-01,-4.0000E-01,
18:55:44.71453993, 6.6667E-02, 9.4667E-01,-6.6667E-01,
18:55:44.71453998, 2.6667E-02, 9.4667E-01,-6.6667E-01,
18:55:44.71454003, 8.0000E-02, 9.6000E-01,-6.6667E-01,
18:55:44.71454008, 6.6667E-02, 9.4667E-01,-4.0000E-01,
18:55:44.71454013, 4.0000E-02, 9.7333E-01,-6.6667E-01,
18:55:44.71454018, 5.3333E-02, 9.7333E-01,-8.0000E-01,
18:55:44.71454023, 5.3333E-02, 9.8667E-01,-6.6667E-01,
18:55:44.71454028, 5.3333E-02, 9.6000E-01,-6.6667E-01,
18:55:44.71454033, 4.0000E-02, 1.0133E+00,-6.6667E-01,
18:55:44.71454038, 6.6667E-02, 9.7333E-01,-6.6667E-01,
18:55:44.71454043, 1.3333E-02, 1.0000E+00,-6.6667E-01,
18:55:44.71454048, 4.0000E-02, 9.8667E-01,-6.6667E-01,
18:55:44.71454053, 5.3333E-02, 9.4667E-01,-6.6667E-01,
18:55:44.71454058, 6.6667E-02, 9.8667E-01,-6.6667E-01,
18:55:44.71454063, 5.3333E-02, 9.8667E-01,-5.3333E-01,
18:55:44.71454068, 6.6667E-02, 9.7333E-01,-4.0000E-01,
18:55:44.71454073, 5.3333E-02, 9.6000E-01,-5.3333E-01,
18:55:44.71454078, 5.3333E-02, 9.7333E-01,-4.0000E-01,
18:55:44.71454083, 6.6667E-02, 1.0133E+00,-6.6667E-01,
18:55:44.71454088, 6.6667E-02, 9.7333E-01,-5.3333E-01,
18:55:44.71454093, 2.6667E-02, 1.0000E+00,-6.6667E-01,
18:55:44.71454098, 4.0000E-02, 9.7333E-01,-6.6667E-01,
18:55:44.71454103, 5.3333E-02, 9.6000E-01,-5.3333E-01,
18:55:44.71454108, 4.0000E-02, 9.6000E-01,-6.6667E-01,
18:55:44.71454113, 5.3333E-02, 9.7333E-01,-6.6667E-01,
18:55:44.71454118, 5.3333E-02, 9.7333E-01,-5.3333E-01,
18:55:44.71454123, 4.0000E-02, 9.7333E-01,-6.6667E-01,
18:55:44.71454128, 6.6667E-02, 9.6000E-01,-2.6667E-01,
18:55:44.71454133, 6.6667E-02, 9.7333E-01,-4.0000E-01,
18:55:44.71454138, 8.0000E-02, 1.0000E+00,-2.6667E-01,
18:55:44.71454143, 2.6667E-02, 9.7333E-01,-6.6667E-01,
18:55:44.71454148, 0.0000E+00, 9.7333E-01,-6.6667E-01,
18:55:44.71454153, 4.0000E-02, 9.8667E-01,-6.6667E-01,
18:55:44.71454158, 2.6667E-02, 1.0000E+00,-4.0000E-01,
18:55:44.71454163, 4.0000E-02, 1.0000E+00,-5.3333E-01,
18:55:44.71454168, 4.0000E-02, 9.7333E-01,-5.3333E-01,
18:55:44.71454173, 4.0000E-02, 1.0000E+00,-6.6667E-01,
18:55:44.71454178, 5.3333E-02, 9.8667E-01,-4.0000E-01,
18:55:44.71454183, 6.6667E-02, 9.4667E-01,-5.3333E-01,
18:55:44.71454188, 8.0000E-02, 9.2000E-01,-2.6667E-01,
18:55:44.71454193, 8.0000E-02, 9.3333E-01,-6.6667E-01,
18:55:44.71454198, 2.6667E-02, 9.6000E-01,-6.6667E-01,
18:55:44.71454203, 0.0000E+00, 9.8667E-01,-4.0000E-01,
18:55:44.71454208, 6.6667E-02, 9.8667E-01,-5.3333E-01,
18:55:44.71454213, 2.6667E-02, 9.6000E-01,-4.0000E-01,
18:55:44.71454218, 8.0000E-02, 9.4667E-01,-6.6667E-01,
18:55:44.71454223, 4.0000E-02, 9.6000E-01,-6.6667E-01,
18:55:44.71454228, 5.3333E-02, 9.6000E-01,-6.6667E-01,
18:55:44.71454233, 6.6667E-02, 9.7333E-01,-2.6667E-01,
18:55:44.71454238, 4.0000E-02, 9.7333E-01,-6.6667E-01,
18:55:44.71454243, 6.6667E-02, 9.6000E-01,-2.6667E-01,
18:55:44.71454248, 1.3333E-02, 9.4667E-01,-4.0000E-01,
18:55:44.71454253, 2.6667E-02, 9.7333E-01,-5.3333E-01,
