"Header Size"           ,15              
"Model Name"            ,"DL850EV       "
"Comment"               ,"                         "
"BlockNumber"           ,1               
"TraceName"             ,"V_MF1         ","V_MF2         ","Id            "
"BlockSize"             ,4004            ,4004            ,4004            
"VUnit"                 ,"V             ","V             ","A             "
"SampleRate"            ,20000000.000000 ,20000000.000000 ,20000000.000000 
"HResolution"           ,5.000000e-08    ,5.000000e-08    ,5.000000e-08    
"HOffset"               ,-4.000000e-05   ,-4.000000e-05   ,-4.000000e-05   
"HUnit"                 ,"s             ","s             ","s             "
"DisplayPointNo."       ,1               ,1               ,1               
"PhaseShift"            ,1               ,1               ,1               
"Date"                  ,"2026/04/08    ","2026/04/08    ","2026/04/08    "
"Time"                  ,"13:26:35.14676442","13:26:35.14676442","13:26:35.14676442"

13:26:35.14672442,-2.6667E-02, 2.0533E+00, 0.0000E+00,
13:26:35.14672447,-1.3333E-02, 2.0400E+00, 0.0000E+00,
13:26:35.14672452, 0.0000E+00, 2.0267E+00,-2.6667E-01,
13:26:35.14672457,-1.3333E-02, 2.0400E+00,-1.3333E-01,
13:26:35.14672462,-2.6667E-02, 2.0267E+00,-4.0000E-01,
13:26:35.14672467, 0.0000E+00, 2.0133E+00,-2.6667E-01,
13:26:35.14672472,-1.3333E-02, 2.0400E+00,-5.3333E-01,
13:26:35.14672477, 0.0000E+00, 2.0533E+00,-2.6667E-01,
13:26:35.14672482,-4.0000E-02, 2.0400E+00, 1.3333E-01,
13:26:35.14672487, 0.0000E+00, 2.0533E+00, 0.0000E+00,
13:26:35.14672492,-1.3333E-02, 2.0000E+00, 0.0000E+00,
13:26:35.14672497,-1.3333E-02, 2.0133E+00, 0.0000E+00,
13:26:35.14672502,-1.3333E-02, 2.0400E+00, 0.0000E+00,
13:26:35.14672507,-1.3333E-02, 2.0133E+00,-1.3333E-01,
13:26:35.14672512,-1.3333E-02, 2.0400E+00, 0.0000E+00,
13:26:35.14672517,-1.3333E-02, 2.0533E+00,-4.0000E-01,
13:26:35.14672522, 0.0000E+00, 2.0533E+00, 1.3333E-01,
13:26:35.14672527,-1.3333E-02, 2.0000E+00,-2.6667E-01,
13:26:35.14672532,-1.3333E-02, 2.0133E+00,-2.6667E-01,
13:26:35.14672537,-2.6667E-02, 2.0267E+00, 0.0000E+00,
13:26:35.14672542,-6.6667E-02, 2.0400E+00, 0.0000E+00,
13:26:35.14672547,-6.6667E-02, 2.0133E+00,-1.3333E-01,
13:26:35.14672552,-1.3333E-02, 2.0267E+00,-4.0000E-01,
13:26:35.14672557,-1.3333E-02, 2.0133E+00,-2.6667E-01,
13:26:35.14672562,-2.6667E-02, 2.0400E+00, 0.0000E+00,
13:26:35.14672567, 1.3333E-02, 2.0267E+00,-1.3333E-01,
13:26:35.14672572, 1.3333E-02, 2.0267E+00, 0.0000E+00,
13:26:35.14672577,-1.3333E-02, 2.0267E+00,-2.6667E-01,
13:26:35.14672582,-2.6667E-02, 2.0533E+00, 0.0000E+00,
13:26:35.14672587,-2.6667E-02, 2.0400E+00,-1.3333E-01,
13:26:35.14672592,-2.6667E-02, 2.0400E+00, 0.0000E+00,
13:26:35.14672597,-2.6667E-02, 2.0267E+00, 1.3333E-01,
13:26:35.14672602, 0.0000E+00, 2.0000E+00,-2.6667E-01,
13:26:35.14672607, 0.0000E+00, 2.0400E+00,-4.0000E-01,
13:26:35.14672612,-2.6667E-02, 2.0133E+00,-2.6667E-01,
13:26:35.14672617, 2.6667E-02, 2.0133E+00,-1.3333E-01,
13:26:35.14672622,-1.3333E-02, 2.0400E+00,-1.3333E-01,
13:26:35.14672627, 1.3333E-02, 2.0533E+00, 0.0000E+00,
13:26:35.14672632,-5.3333E-02, 2.0400E+00,-1.3333E-01,
13:26:35.14672637,-2.6667E-02, 2.0267E+00,-1.3333E-01,
13:26:35.14672642,-4.0000E-02, 2.0533E+00,-1.3333E-01,
13:26:35.14672647,-2.6667E-02, 2.0267E+00,-1.3333E-01,
13:26:35.14672652,-2.6667E-02, 2.0400E+00,-2.6667E-01,
13:26:35.14672657,-2.6667E-02, 2.0533E+00,-1.3333E-01,
13:26:35.14672662, 1.3333E-02, 2.0400E+00,-2.6667E-01,
13:26:35.14672667, 0.0000E+00, 2.0533E+00,-2.6667E-01,
13:26:35.14672672, 0.0000E+00, 2.0667E+00, 0.0000E+00,
13:26:35.14672677,-1.3333E-02, 2.0533E+00,-4.0000E-01,
13:26:35.14672682,-4.0000E-02, 2.0000E+00, 1.3333E-01,
13:26:35.14672687,-6.6667E-02, 2.0267E+00, 0.0000E+00,
13:26:35.14672692,-4.0000E-02, 2.0133E+00, 1.3333E-01,
13:26:35.14672697,-2.6667E-02, 2.0267E+00,-1.3333E-01,
13:26:35.14672702, 1.3333E-02, 2.0267E+00, 1.3333E-01,
13:26:35.14672707,-1.3333E-02, 2.0133E+00,-1.3333E-01,
13:26:35.14672712, 0.0000E+00, 2.0533E+00,-1.3333E-01,
13:26:35.14672717, 1.3333E-02, 2.0800E+00,-4.0000E-01,
13:26:35.14672722,-2.6667E-02, 2.0533E+00, 0.0000E+00,
13:26:35.14672727,-1.3333E-02, 2.0267E+00, 1.3333E-01,
13:26:35.14672732,-1.3333E-02, 2.0267E+00, 1.3333E-01,
13:26:35.14672737,-2.6667E-02, 2.0400E+00, 0.0000E+00,
13:26:35.14672742,-1.3333E-02, 2.0533E+00, 0.0000E+00,
13:26:35.14672747,-4.0000E-02, 2.0400E+00,-2.6667E-01,
13:26:35.14672752,-1.3333E-02, 2.0400E+00,-1.3333E-01,
13:26:35.14672757, 0.0000E+00, 2.0400E+00, 0.0000E+00,
13:26:35.14672762,-4.0000E-02, 2.0533E+00,-1.3333E-01,
13:26:35.14672767, 1.3333E-02, 2.0533E+00,-4.0000E-01,
13:26:35.14672772,-2.6667E-02, 2.0133E+00,-2.6667E-01,
13:26:35.14672777,-4.0000E-02, 2.0400E+00,-2.6667E-01,
13:26:35.14672782, 0.0000E+00, 2.0267E+00,-4.0000E-01,
13:26:35.14672787,-5.3333E-02, 2.0267E+00,-2.6667E-01,
13:26:35.14672792,-2.6667E-02, 2.0267E+00,-1.3333E-01,
13:26:35.14672797,-2.6667E-02, 2.0400E+00, 0.0000E+00,
13:26:35.14672802,-1.3333E-02, 2.0400E+00,-2.6667E-01,
13:26:35.14672807,-4.0000E-02, 2.0400E+00, 1.3333E-01,
13:26:35.14672812,-1.3333E-02, 2.0400E+00, 0.0000E+00,
13:26:35.14672817, 0.0000E+00, 2.0133E+00,-4.0000E-01,
13:26:35.14672822,-1.3333E-02, 2.0000E+00, 0.0000E+00,
13:26:35.14672827,-4.0000E-02, 2.0667E+00, 0.0000E+00,
13:26:35.14672832,-4.0000E-02, 2.0133E+00,-5.3333E-01,
13:26:35.14672837,-1.3333E-02, 2.0000E+00,-1.3333E-01,
13:26:35.14672842, 0.0000E+00, 2.0267E+00, 2.6667E-01,
13:26:35.14672847, 1.3333E-02, 2.0667E+00,-2.6667E-01,
13:26:35.14672852, 0.0000E+00, 2.0800E+00,-5.3333E-01,
13:26:35.14672857,-2.6667E-02, 2.0400E+00,-1.3333E-01,
13:26:35.14672862, 1.3333E-02, 2.0400E+00, 0.0000E+00,
13:26:35.14672867,-4.0000E-02, 2.0267E+00, 0.0000E+00,
13:26:35.14672872, 0.0000E+00, 2.0133E+00, 1.3333E-01,
13:26:35.14672877,-6.6667E-02, 2.0533E+00, 1.3333E-01,
13:26:35.14672882,-2.6667E-02, 2.0400E+00,-1.3333E-01,
13:26:35.14672887,-2.6667E-02, 2.0267E+00, 2.6667E-01,
13:26:35.14672892,-1.3333E-02, 2.0400E+00, 0.0000E+00,
13:26:35.14672897,-1.3333E-02, 2.0400E+00, 0.0000E+00,
13:26:35.14672902, 0.0000E+00, 2.0267E+00,-2.6667E-01,
13:26:35.14672907,-2.6667E-02, 2.0133E+00,-2.6667E-01,
13:26:35.14672912,-1.3333E-02, 2.0133E+00, 1.3333E-01,
13:26:35.14672917, 0.0000E+00, 2.0000E+00, 0.0000E+00,
13:26:35.14672922,-2.6667E-02, 2.0267E+00, 2.6667E-01,
13:26:35.14672927,-1.3333E-02, 2.0533E+00,-1.3333E-01,
13:26:35.14672932,-6.6667E-02, 2.0267E+00, 0.0000E+00,
13:26:35.14672937, 0.0000E+00, 2.0267E+00, 1.3333E-01,
13:26:35.14672942,-2.6667E-02, 2.0133E+00, 0.0000E+00,
13:26:35.14672947, 0.0000E+00, 2.0400E+00,-2.6667E-01,
13:26:35.14672952,-2.6667E-02, 2.0533E+00,-2.6667E-01,
13:26:35.14672957, 0.0000E+00, 2.0133E+00,-2.6667E-01,
13:26:35.14672962,-1.3333E-02, 2.0000E+00, 1.3333E-01,
13:26:35.14672967,-1.3333E-02, 2.0267E+00,-4.0000E-01,
13:26:35.14672972,-1.3333E-02, 2.0000E+00,-1.3333E-01,
13:26:35.14672977,-5.3333E-02, 2.0133E+00, 0.0000E+00,
13:26:35.14672982,-2.6667E-02, 2.0400E+00,-2.6667E-01,
13:26:35.14672987,-2.6667E-02, 2.0267E+00, 0.0000E+00,
13:26:35.14672992, 0.0000E+00, 2.0400E+00,-2.6667E-01,
13:26:35.14672997, 0.0000E+00, 2.0267E+00,-1.3333E-01,
13:26:35.14673002,-1.3333E-02, 2.0533E+00, 1.3333E-01,
13:26:35.14673007,-4.0000E-02, 2.0267E+00,-1.3333E-01,
13:26:35.14673012,-2.6667E-02, 2.0133E+00,-1.3333E-01,
13:26:35.14673017,-2.6667E-02, 2.0000E+00, 0.0000E+00,
13:26:35.14673022,-4.0000E-02, 2.0267E+00, 0.0000E+00,
13:26:35.14673027,-4.0000E-02, 2.0267E+00, 0.0000E+00,
13:26:35.14673032,-2.6667E-02, 2.0133E+00, 0.0000E+00,
13:26:35.14673037, 1.3333E-02, 2.0133E+00,-2.6667E-01,
13:26:35.14673042, 1.3333E-02, 2.0400E+00,-2.6667E-01,
13:26:35.14673047,-1.3333E-02, 2.0667E+00,-1.3333E-01,
13:26:35.14673052,-1.3333E-02, 2.0400E+00,-4.0000E-01,
13:26:35.14673057, 1.3333E-02, 2.0533E+00,-1.3333E-01,
13:26:35.14673062,-2.6667E-02, 2.0267E+00,-1.3333E-01,
13:26:35.14673067, 0.0000E+00, 2.0533E+00,-1.3333E-01,
13:26:35.14673072,-4.0000E-02, 2.0533E+00,-1.3333E-01,
13:26:35.14673077,-2.6667E-02, 2.0400E+00, 0.0000E+00,
13:26:35.14673082, 0.0000E+00, 2.0400E+00,-1.3333E-01,
13:26:35.14673087,-1.3333E-02, 2.0533E+00,-2.6667E-01,
13:26:35.14673092,-1.3333E-02, 2.0400E+00,-1.3333E-01,
13:26:35.14673097, 0.0000E+00, 2.0400E+00,-2.6667E-01,
13:26:35.14673102,-1.3333E-02, 2.0400E+00, 2.6667E-01,
13:26:35.14673107,-2.6667E-02, 2.0400E+00, 0.0000E+00,
13:26:35.14673112,-2.6667E-02, 2.0533E+00,-2.6667E-01,
13:26:35.14673117, 1.3333E-02, 2.0400E+00,-1.3333E-01,
13:26:35.14673122,-4.0000E-02, 2.0533E+00, 0.0000E+00,
13:26:35.14673127,-1.3333E-02, 2.0267E+00,-2.6667E-01,
13:26:35.14673132,-2.6667E-02, 2.0267E+00, 0.0000E+00,
13:26:35.14673137,-1.3333E-02, 2.0267E+00, 4.0000E-01,
13:26:35.14673142,-1.3333E-02, 2.0533E+00,-2.6667E-01,
13:26:35.14673147,-2.6667E-02, 2.0400E+00, 1.3333E-01,
13:26:35.14673152, 1.3333E-02, 2.0267E+00,-1.3333E-01,
13:26:35.14673157,-2.6667E-02, 2.0000E+00, 0.0000E+00,
13:26:35.14673162,-2.6667E-02, 2.0133E+00,-2.6667E-01,
13:26:35.14673167,-2.6667E-02, 2.0400E+00, 0.0000E+00,
13:26:35.14673172, 0.0000E+00, 2.0133E+00, 0.0000E+00,
13:26:35.14673177,-2.6667E-02, 2.0400E+00,-1.3333E-01,
13:26:35.14673182,-2.6667E-02, 2.0133E+00,-4.0000E-01,
13:26:35.14673187,-2.6667E-02, 2.0400E+00, 0.0000E+00,
13:26:35.14673192, 0.0000E+00, 2.0533E+00,-1.3333E-01,
13:26:35.14673197, 0.0000E+00, 2.0267E+00,-1.3333E-01,
13:26:35.14673202, 1.3333E-02, 2.0000E+00,-1.3333E-01,
13:26:35.14673207,-4.0000E-02, 2.0267E+00,-2.6667E-01,
13:26:35.14673212,-2.6667E-02, 2.0000E+00, 1.3333E-01,
13:26:35.14673217,-2.6667E-02, 2.0400E+00,-1.3333E-01,
13:26:35.14673222,-1.3333E-02, 2.0267E+00, 0.0000E+00,
13:26:35.14673227, 0.0000E+00, 2.0133E+00,-2.6667E-01,
13:26:35.14673232,-1.3333E-02, 2.0267E+00, 0.0000E+00,
13:26:35.14673237,-2.6667E-02, 2.0400E+00, 1.3333E-01,
13:26:35.14673242, 2.6667E-02, 2.0400E+00, 1.3333E-01,
13:26:35.14673247,-1.3333E-02, 2.0133E+00, 0.0000E+00,
13:26:35.14673252,-2.6667E-02, 2.0133E+00, 1.3333E-01,
13:26:35.14673257,-2.6667E-02, 2.0267E+00,-2.6667E-01,
13:26:35.14673262, 0.0000E+00, 2.0533E+00, 0.0000E+00,
13:26:35.14673267,-2.6667E-02, 2.0533E+00,-2.6667E-01,
13:26:35.14673272,-2.6667E-02, 2.0667E+00, 0.0000E+00,
13:26:35.14673277, 1.3333E-02, 2.0267E+00,-1.3333E-01,
13:26:35.14673282,-1.3333E-02, 2.0533E+00,-2.6667E-01,
13:26:35.14673287, 1.3333E-02, 2.0533E+00,-2.6667E-01,
13:26:35.14673292, 0.0000E+00, 2.0533E+00, 0.0000E+00,
13:26:35.14673297, 0.0000E+00, 2.0533E+00, 0.0000E+00,
13:26:35.14673302,-4.0000E-02, 2.0133E+00,-1.3333E-01,
13:26:35.14673307, 0.0000E+00, 2.0400E+00, 0.0000E+00,
13:26:35.14673312,-4.0000E-02, 2.0800E+00,-1.3333E-01,
13:26:35.14673317,-2.6667E-02, 2.0400E+00,-2.6667E-01,
13:26:35.14673322,-4.0000E-02, 2.0267E+00, 1.3333E-01,
13:26:35.14673327,-4.0000E-02, 2.0533E+00, 0.0000E+00,
13:26:35.14673332,-1.3333E-02, 2.0533E+00,-2.6667E-01,
13:26:35.14673337,-5.3333E-02, 2.0400E+00,-1.3333E-01,
13:26:35.14673342,-1.3333E-02, 2.0267E+00,-5.3333E-01,
13:26:35.14673347, 0.0000E+00, 2.0533E+00,-2.6667E-01,
13:26:35.14673352, 0.0000E+00, 2.0400E+00, 1.3333E-01,
13:26:35.14673357,-1.3333E-02, 2.0400E+00,-1.3333E-01,
13:26:35.14673362,-4.0000E-02, 2.0667E+00,-1.3333E-01,
13:26:35.14673367,-1.3333E-02, 2.0133E+00,-1.3333E-01,
13:26:35.14673372,-1.3333E-02, 2.0000E+00, 1.3333E-01,
13:26:35.14673377,-1.3333E-02, 2.0133E+00, 2.6667E-01,
13:26:35.14673382,-1.3333E-02, 2.0533E+00,-1.3333E-01,
13:26:35.14673387,-1.3333E-02, 2.0400E+00,-1.3333E-01,
13:26:35.14673392, 1.3333E-02, 2.0133E+00,-1.3333E-01,
13:26:35.14673397,-4.0000E-02, 2.0533E+00,-1.3333E-01,
13:26:35.14673402,-4.0000E-02, 2.0267E+00, 1.3333E-01,
13:26:35.14673407,-2.6667E-02, 2.0533E+00, 0.0000E+00,
13:26:35.14673412,-6.6667E-02, 2.0533E+00,-1.3333E-01,
13:26:35.14673417, 0.0000E+00, 2.0400E+00,-1.3333E-01,
13:26:35.14673422,-4.0000E-02, 2.0400E+00,-1.3333E-01,
13:26:35.14673427, 0.0000E+00, 2.0267E+00,-2.6667E-01,
13:26:35.14673432,-2.6667E-02, 2.0267E+00, 0.0000E+00,
13:26:35.14673437, 1.3333E-02, 2.0533E+00,-1.3333E-01,
13:26:35.14673442,-2.6667E-02, 2.0133E+00,-2.6667E-01,
13:26:35.14673447, 0.0000E+00, 2.0267E+00,-4.0000E-01,
13:26:35.14673452,-5.3333E-02, 2.0267E+00,-1.3333E-01,
13:26:35.14673457,-4.0000E-02, 2.0133E+00,-1.3333E-01,
13:26:35.14673462,-2.6667E-02, 2.0400E+00, 0.0000E+00,
13:26:35.14673467,-1.3333E-02, 2.0133E+00, 0.0000E+00,
13:26:35.14673472, 1.3333E-02, 2.0267E+00, 0.0000E+00,
13:26:35.14673477,-1.3333E-02, 2.0267E+00, 0.0000E+00,
13:26:35.14673482, 0.0000E+00, 2.0267E+00,-1.3333E-01,
13:26:35.14673487,-2.6667E-02, 2.0267E+00, 1.3333E-01,
13:26:35.14673492,-4.0000E-02, 2.0400E+00,-1.3333E-01,
13:26:35.14673497,-1.3333E-02, 2.0400E+00, 0.0000E+00,
13:26:35.14673502,-4.0000E-02, 2.0667E+00, 0.0000E+00,
13:26:35.14673507, 0.0000E+00, 2.0133E+00, 0.0000E+00,
13:26:35.14673512,-1.3333E-02, 2.0667E+00,-1.3333E-01,
13:26:35.14673517,-1.3333E-02, 2.0267E+00, 1.3333E-01,
13:26:35.14673522,-1.3333E-02, 2.0667E+00, 0.0000E+00,
13:26:35.14673527, 1.3333E-02, 2.0533E+00,-2.6667E-01,
13:26:35.14673532,-1.3333E-02, 2.0400E+00,-4.0000E-01,
13:26:35.14673537,-1.3333E-02, 2.0267E+00, 0.0000E+00,
13:26:35.14673542,-2.6667E-02, 2.0267E+00,-4.0000E-01,
13:26:35.14673547, 0.0000E+00, 2.0133E+00,-4.0000E-01,
13:26:35.14673552,-5.3333E-02, 2.0267E+00,-2.6667E-01,
13:26:35.14673557,-2.6667E-02, 2.0133E+00,-1.3333E-01,
13:26:35.14673562, 0.0000E+00, 2.0267E+00, 2.6667E-01,
13:26:35.14673567,-2.6667E-02, 2.0400E+00, 0.0000E+00,
13:26:35.14673572,-2.6667E-02, 2.0667E+00,-2.6667E-01,
13:26:35.14673577,-1.3333E-02, 2.0533E+00,-1.3333E-01,
13:26:35.14673582,-4.0000E-02, 2.0400E+00,-1.3333E-01,
13:26:35.14673587,-1.3333E-02, 2.0533E+00,-2.6667E-01,
13:26:35.14673592,-1.3333E-02, 2.0800E+00,-1.3333E-01,
13:26:35.14673597,-1.3333E-02, 2.0267E+00,-2.6667E-01,
13:26:35.14673602,-5.3333E-02, 2.0400E+00,-2.6667E-01,
13:26:35.14673607,-2.6667E-02, 2.0400E+00, 0.0000E+00,
13:26:35.14673612,-1.3333E-02, 2.0400E+00,-1.3333E-01,
13:26:35.14673617, 0.0000E+00, 2.0533E+00,-2.6667E-01,
13:26:35.14673622, 0.0000E+00, 2.0133E+00, 0.0000E+00,
13:26:35.14673627, 0.0000E+00, 2.0133E+00,-1.3333E-01,
13:26:35.14673632,-1.3333E-02, 2.0133E+00, 1.3333E-01,
13:26:35.14673637, 0.0000E+00, 2.0400E+00,-1.3333E-01,
13:26:35.14673642,-4.0000E-02, 2.0267E+00, 2.6667E-01,
13:26:35.14673647,-2.6667E-02, 2.0400E+00, 2.6667E-01,
13:26:35.14673652,-5.3333E-02, 2.0133E+00, 1.3333E-01,
13:26:35.14673657, 0.0000E+00, 2.0533E+00,-2.6667E-01,
13:26:35.14673662,-1.3333E-02, 2.0400E+00, 1.3333E-01,
13:26:35.14673667,-1.3333E-02, 2.0400E+00,-2.6667E-01,
13:26:35.14673672,-2.6667E-02, 2.0667E+00,-2.6667E-01,
13:26:35.14673677, 1.3333E-02, 2.0267E+00,-1.3333E-01,
13:26:35.14673682,-1.3333E-02, 2.0533E+00, 0.0000E+00,
13:26:35.14673687, 1.3333E-02, 2.0267E+00,-1.3333E-01,
13:26:35.14673692, 0.0000E+00, 2.0267E+00,-2.6667E-01,
13:26:35.14673697,-1.3333E-02, 2.0533E+00,-1.3333E-01,
13:26:35.14673702,-1.3333E-02, 2.0400E+00, 0.0000E+00,
13:26:35.14673707,-2.6667E-02, 2.0267E+00, 0.0000E+00,
13:26:35.14673712,-1.3333E-02, 2.0133E+00,-1.3333E-01,
13:26:35.14673717, 1.3333E-02, 2.0133E+00,-2.6667E-01,
13:26:35.14673722,-1.3333E-02, 2.0400E+00, 2.6667E-01,
13:26:35.14673727,-1.3333E-02, 2.0800E+00, 0.0000E+00,
13:26:35.14673732, 1.3333E-02, 2.0267E+00,-2.6667E-01,
13:26:35.14673737,-1.3333E-02, 2.0533E+00,-2.6667E-01,
13:26:35.14673742,-5.3333E-02, 2.0267E+00,-1.3333E-01,
13:26:35.14673747,-1.3333E-02, 2.0400E+00, 2.6667E-01,
13:26:35.14673752, 0.0000E+00, 2.0533E+00,-1.3333E-01,
13:26:35.14673757, 1.3333E-02, 2.0667E+00,-1.3333E-01,
13:26:35.14673762, 0.0000E+00, 2.0533E+00, 0.0000E+00,
13:26:35.14673767,-1.3333E-02, 2.0267E+00, 0.0000E+00,
13:26:35.14673772,-1.3333E-02, 2.0533E+00, 1.3333E-01,
13:26:35.14673777, 1.3333E-02, 2.0000E+00,-4.0000E-01,
13:26:35.14673782,-2.6667E-02, 2.0400E+00,-2.6667E-01,
13:26:35.14673787,-2.6667E-02, 2.0133E+00, 0.0000E+00,
13:26:35.14673792,-5.3333E-02, 2.0400E+00, 1.3333E-01,
13:26:35.14673797,-1.3333E-02, 2.0267E+00, 0.0000E+00,
13:26:35.14673802,-1.3333E-02, 2.0533E+00, 0.0000E+00,
13:26:35.14673807, 0.0000E+00, 2.0267E+00,-2.6667E-01,
13:26:35.14673812,-1.3333E-02, 2.0533E+00,-2.6667E-01,
13:26:35.14673817, 0.0000E+00, 2.0400E+00, 0.0000E+00,
13:26:35.14673822, 1.3333E-02, 2.0267E+00,-1.3333E-01,
13:26:35.14673827,-1.3333E-02, 2.0400E+00,-2.6667E-01,
13:26:35.14673832,-4.0000E-02, 2.0667E+00, 0.0000E+00,
13:26:35.14673837,-2.6667E-02, 2.0400E+00, 1.3333E-01,
13:26:35.14673842,-1.3333E-02, 2.0533E+00,-1.3333E-01,
13:26:35.14673847, 0.0000E+00, 2.0533E+00,-2.6667E-01,
13:26:35.14673852,-2.6667E-02, 2.0267E+00,-2.6667E-01,
13:26:35.14673857,-2.6667E-02, 2.0267E+00, 0.0000E+00,
13:26:35.14673862, 0.0000E+00, 2.0400E+00, 0.0000E+00,
13:26:35.14673867,-1.3333E-02, 2.0133E+00,-1.3333E-01,
13:26:35.14673872,-5.3333E-02, 2.0000E+00, 1.3333E-01,
13:26:35.14673877,-2.6667E-02, 2.0000E+00, 0.0000E+00,
13:26:35.14673882, 0.0000E+00, 2.0533E+00, 1.3333E-01,
13:26:35.14673887,-2.6667E-02, 2.0267E+00,-1.3333E-01,
13:26:35.14673892,-2.6667E-02, 2.0267E+00,-1.3333E-01,
13:26:35.14673897, 0.0000E+00, 2.0533E+00, 0.0000E+00,
13:26:35.14673902,-2.6667E-02, 2.0400E+00, 0.0000E+00,
13:26:35.14673907,-2.6667E-02, 2.0267E+00,-2.6667E-01,
13:26:35.14673912,-4.0000E-02, 2.0400E+00,-1.3333E-01,
13:26:35.14673917,-1.3333E-02, 2.0400E+00,-4.0000E-01,
13:26:35.14673922,-2.6667E-02, 2.0400E+00,-1.3333E-01,
13:26:35.14673927,-2.6667E-02, 2.0533E+00,-2.6667E-01,
13:26:35.14673932,-4.0000E-02, 2.0533E+00,-2.6667E-01,
13:26:35.14673937,-6.6667E-02, 2.0533E+00,-4.0000E-01,
13:26:35.14673942,-1.3333E-02, 2.0267E+00, 0.0000E+00,
13:26:35.14673947,-1.3333E-02, 2.0267E+00, 1.3333E-01,
13:26:35.14673952, 1.3333E-02, 2.0267E+00, 0.0000E+00,
13:26:35.14673957, 0.0000E+00, 2.0667E+00, 0.0000E+00,
13:26:35.14673962, 0.0000E+00, 2.0400E+00, 0.0000E+00,
13:26:35.14673967, 0.0000E+00, 2.0400E+00,-1.3333E-01,
13:26:35.14673972,-5.3333E-02, 2.0133E+00,-2.6667E-01,
13:26:35.14673977,-5.3333E-02, 2.0267E+00,-1.3333E-01,
13:26:35.14673982,-2.6667E-02, 2.0267E+00,-1.3333E-01,
13:26:35.14673987,-2.6667E-02, 2.0400E+00, 1.3333E-01,
13:26:35.14673992,-1.3333E-02, 2.0533E+00, 0.0000E+00,
13:26:35.14673997,-2.6667E-02, 2.0267E+00,-1.3333E-01,
13:26:35.14674002,-2.6667E-02, 2.0400E+00,-1.3333E-01,
13:26:35.14674007, 1.3333E-02, 2.0267E+00,-1.3333E-01,
13:26:35.14674012,-4.0000E-02, 2.0267E+00,-1.3333E-01,
13:26:35.14674017, 0.0000E+00, 2.0400E+00,-4.0000E-01,
13:26:35.14674022,-5.3333E-02, 2.0133E+00, 0.0000E+00,
13:26:35.14674027,-2.6667E-02, 2.0400E+00, 1.3333E-01,
13:26:35.14674032,-4.0000E-02, 2.0667E+00, 0.0000E+00,
13:26:35.14674037,-2.6667E-02, 2.0267E+00, 0.0000E+00,
13:26:35.14674042,-1.3333E-02, 2.0133E+00,-1.3333E-01,
13:26:35.14674047,-2.6667E-02, 2.0267E+00,-1.3333E-01,
13:26:35.14674052,-2.6667E-02, 2.0533E+00,-2.6667E-01,
13:26:35.14674057, 2.6667E-02, 2.0267E+00, 0.0000E+00,
13:26:35.14674062,-1.3333E-02, 2.0133E+00,-1.3333E-01,
13:26:35.14674067,-1.3333E-02, 2.0533E+00, 1.3333E-01,
13:26:35.14674072,-1.3333E-02, 2.0267E+00,-2.6667E-01,
13:26:35.14674077,-4.0000E-02, 2.0267E+00,-1.3333E-01,
13:26:35.14674082, 0.0000E+00, 2.0533E+00,-4.0000E-01,
13:26:35.14674087,-2.6667E-02, 2.0133E+00, 0.0000E+00,
13:26:35.14674092,-1.3333E-02, 2.0400E+00, 1.3333E-01,
13:26:35.14674097,-2.6667E-02, 2.0400E+00,-2.6667E-01,
13:26:35.14674102, 0.0000E+00, 2.0533E+00, 1.3333E-01,
13:26:35.14674107,-1.3333E-02, 2.0400E+00,-2.6667E-01,
13:26:35.14674112, 0.0000E+00, 2.0400E+00,-1.3333E-01,
13:26:35.14674117,-2.6667E-02, 2.0267E+00, 0.0000E+00,
13:26:35.14674122,-2.6667E-02, 2.0000E+00,-4.0000E-01,
13:26:35.14674127, 0.0000E+00, 2.0400E+00, 0.0000E+00,
13:26:35.14674132, 0.0000E+00, 2.0667E+00, 0.0000E+00,
13:26:35.14674137,-4.0000E-02, 2.0533E+00, 0.0000E+00,
13:26:35.14674142,-1.3333E-02, 2.0533E+00, 2.6667E-01,
13:26:35.14674147, 0.0000E+00, 2.0400E+00, 1.3333E-01,
13:26:35.14674152,-2.6667E-02, 2.0267E+00,-2.6667E-01,
13:26:35.14674157,-2.6667E-02, 2.0533E+00,-4.0000E-01,
13:26:35.14674162,-1.3333E-02, 2.0267E+00,-2.6667E-01,
13:26:35.14674167,-4.0000E-02, 2.0267E+00,-1.3333E-01,
13:26:35.14674172,-2.6667E-02, 2.0667E+00,-2.6667E-01,
13:26:35.14674177,-1.3333E-02, 2.0533E+00,-2.6667E-01,
13:26:35.14674182,-1.3333E-02, 2.0400E+00, 0.0000E+00,
13:26:35.14674187,-2.6667E-02, 2.0267E+00,-2.6667E-01,
13:26:35.14674192,-4.0000E-02, 2.0133E+00, 4.0000E-01,
13:26:35.14674197,-2.6667E-02, 2.0267E+00,-2.6667E-01,
13:26:35.14674202,-2.6667E-02, 2.0267E+00,-1.3333E-01,
13:26:35.14674207, 0.0000E+00, 2.0400E+00,-2.6667E-01,
13:26:35.14674212,-5.3333E-02, 2.0400E+00,-4.0000E-01,
13:26:35.14674217, 0.0000E+00, 2.0133E+00,-1.3333E-01,
13:26:35.14674222,-1.3333E-02, 2.0133E+00, 0.0000E+00,
13:26:35.14674227,-4.0000E-02, 2.0400E+00, 0.0000E+00,
13:26:35.14674232, 1.3333E-02, 2.0533E+00, 0.0000E+00,
13:26:35.14674237,-2.6667E-02, 2.0267E+00,-2.6667E-01,
13:26:35.14674242,-4.0000E-02, 2.0667E+00,-2.6667E-01,
13:26:35.14674247, 1.3333E-02, 2.0267E+00,-2.6667E-01,
13:26:35.14674252, 1.3333E-02, 2.0400E+00, 0.0000E+00,
13:26:35.14674257,-4.0000E-02, 2.0133E+00,-4.0000E-01,
13:26:35.14674262,-1.3333E-02, 2.0400E+00, 0.0000E+00,
13:26:35.14674267,-1.3333E-02, 2.0000E+00,-1.3333E-01,
13:26:35.14674272,-6.6667E-02, 2.0400E+00,-4.0000E-01,
13:26:35.14674277,-1.3333E-02, 2.0400E+00, 0.0000E+00,
13:26:35.14674282,-1.3333E-02, 2.0800E+00, 0.0000E+00,
13:26:35.14674287,-1.3333E-02, 2.0267E+00,-1.3333E-01,
13:26:35.14674292,-1.3333E-02, 2.0400E+00, 1.3333E-01,
13:26:35.14674297,-2.6667E-02, 2.0267E+00, 1.3333E-01,
13:26:35.14674302, 1.3333E-02, 2.0533E+00,-1.3333E-01,
13:26:35.14674307, 1.3333E-02, 2.0400E+00, 0.0000E+00,
13:26:35.14674312,-2.6667E-02, 2.0267E+00,-1.3333E-01,
13:26:35.14674317, 1.3333E-02, 2.0400E+00,-1.3333E-01,
13:26:35.14674322,-4.0000E-02, 2.0400E+00, 0.0000E+00,
13:26:35.14674327,-2.6667E-02, 2.0533E+00,-2.6667E-01,
13:26:35.14674332,-2.6667E-02, 2.0267E+00,-1.3333E-01,
13:26:35.14674337, 0.0000E+00, 2.0533E+00, 1.3333E-01,
13:26:35.14674342,-1.3333E-02, 2.0400E+00,-1.3333E-01,
13:26:35.14674347,-1.3333E-02, 2.0133E+00, 1.3333E-01,
13:26:35.14674352, 0.0000E+00, 2.0400E+00, 0.0000E+00,
13:26:35.14674357,-4.0000E-02, 2.0400E+00,-1.3333E-01,
13:26:35.14674362,-4.0000E-02, 2.0400E+00, 2.6667E-01,
13:26:35.14674367,-1.3333E-02, 2.0267E+00, 0.0000E+00,
13:26:35.14674372,-1.3333E-02, 2.0133E+00,-1.3333E-01,
13:26:35.14674377, 0.0000E+00, 2.0533E+00, 1.3333E-01,
13:26:35.14674382,-2.6667E-02, 2.0533E+00, 0.0000E+00,
13:26:35.14674387,-2.6667E-02, 2.0400E+00, 1.3333E-01,
13:26:35.14674392, 1.3333E-02, 2.0267E+00,-1.3333E-01,
13:26:35.14674397, 0.0000E+00, 2.0400E+00, 0.0000E+00,
13:26:35.14674402, 2.6667E-02, 2.0267E+00,-1.3333E-01,
13:26:35.14674407,-2.6667E-02, 2.0133E+00, 1.3333E-01,
13:26:35.14674412,-5.3333E-02, 2.0533E+00,-2.6667E-01,
13:26:35.14674417,-5.3333E-02, 2.0267E+00,-4.0000E-01,
13:26:35.14674422,-1.3333E-02, 2.0667E+00,-1.3333E-01,
13:26:35.14674427,-4.0000E-02, 2.0533E+00, 1.3333E-01,
13:26:35.14674432, 0.0000E+00, 2.0000E+00,-1.3333E-01,
13:26:35.14674437, 1.3333E-02, 2.0267E+00,-1.3333E-01,
13:26:35.14674442, 0.0000E+00, 2.0133E+00, 0.0000E+00,
13:26:35.14674447, 0.0000E+00, 2.0533E+00, 0.0000E+00,
13:26:35.14674452,-1.3333E-02, 2.0267E+00,-1.3333E-01,
13:26:35.14674457,-4.0000E-02, 2.0933E+00,-4.0000E-01,
13:26:35.14674462,-2.6667E-02, 2.0400E+00,-1.3333E-01,
13:26:35.14674467,-1.3333E-02, 2.0267E+00,-1.3333E-01,
13:26:35.14674472, 1.3333E-02, 2.0267E+00,-2.6667E-01,
13:26:35.14674477,-1.3333E-02, 2.0267E+00,-4.0000E-01,
13:26:35.14674482, 0.0000E+00, 2.0133E+00,-1.3333E-01,
13:26:35.14674487,-1.3333E-02, 2.0267E+00,-1.3333E-01,
13:26:35.14674492, 1.3333E-02, 2.0533E+00, 0.0000E+00,
13:26:35.14674497,-4.0000E-02, 2.0267E+00,-1.3333E-01,
13:26:35.14674502,-1.3333E-02, 2.0667E+00, 0.0000E+00,
13:26:35.14674507,-4.0000E-02, 2.0400E+00,-1.3333E-01,
13:26:35.14674512,-4.0000E-02, 2.0267E+00,-1.3333E-01,
13:26:35.14674517,-1.3333E-02, 2.0533E+00,-1.3333E-01,
13:26:35.14674522,-2.6667E-02, 2.0267E+00,-1.3333E-01,
13:26:35.14674527,-2.6667E-02, 2.0400E+00, 0.0000E+00,
13:26:35.14674532,-2.6667E-02, 2.0533E+00,-1.3333E-01,
13:26:35.14674537,-4.0000E-02, 1.9867E+00, 1.3333E-01,
13:26:35.14674542,-1.3333E-02, 2.0533E+00, 0.0000E+00,
13:26:35.14674547,-4.0000E-02, 2.0400E+00,-1.3333E-01,
13:26:35.14674552,-1.3333E-02, 2.0000E+00,-1.3333E-01,
13:26:35.14674557,-5.3333E-02, 2.0267E+00,-2.6667E-01,
13:26:35.14674562,-6.6667E-02, 2.0667E+00,-1.3333E-01,
13:26:35.14674567,-1.3333E-02, 2.0400E+00,-1.3333E-01,
13:26:35.14674572,-5.3333E-02, 2.0133E+00, 0.0000E+00,
13:26:35.14674577,-2.6667E-02, 2.0400E+00,-1.3333E-01,
13:26:35.14674582, 0.0000E+00, 2.0133E+00,-1.3333E-01,
13:26:35.14674587, 1.3333E-02, 2.0400E+00, 0.0000E+00,
13:26:35.14674592,-5.3333E-02, 2.0267E+00,-1.3333E-01,
13:26:35.14674597, 0.0000E+00, 2.0400E+00, 0.0000E+00,
13:26:35.14674602,-4.0000E-02, 2.0400E+00, 1.3333E-01,
13:26:35.14674607,-2.6667E-02, 2.0533E+00,-1.3333E-01,
13:26:35.14674612,-6.6667E-02, 2.0267E+00,-1.3333E-01,
13:26:35.14674617,-1.3333E-02, 2.0400E+00, 0.0000E+00,
13:26:35.14674622,-1.3333E-02, 2.0533E+00, 1.3333E-01,
13:26:35.14674627, 0.0000E+00, 2.0267E+00, 1.3333E-01,
13:26:35.14674632,-1.3333E-02, 2.0533E+00,-1.3333E-01,
13:26:35.14674637,-4.0000E-02, 2.0133E+00,-2.6667E-01,
13:26:35.14674642,-5.3333E-02, 2.0533E+00, 0.0000E+00,
13:26:35.14674647,-1.3333E-02, 2.0133E+00,-1.3333E-01,
13:26:35.14674652,-1.3333E-02, 2.0133E+00, 1.3333E-01,
13:26:35.14674657,-2.6667E-02, 2.0400E+00,-1.3333E-01,
13:26:35.14674662, 0.0000E+00, 2.0533E+00,-1.3333E-01,
13:26:35.14674667,-1.3333E-02, 2.0400E+00,-2.6667E-01,
13:26:35.14674672, 1.3333E-02, 2.0400E+00, 0.0000E+00,
13:26:35.14674677,-1.3333E-02, 2.0133E+00,-1.3333E-01,
13:26:35.14674682, 0.0000E+00, 2.0133E+00, 1.3333E-01,
13:26:35.14674687,-1.3333E-02, 2.0400E+00, 0.0000E+00,
13:26:35.14674692,-2.6667E-02, 2.0000E+00, 0.0000E+00,
13:26:35.14674697,-2.6667E-02, 2.0533E+00,-1.3333E-01,
13:26:35.14674702,-5.3333E-02, 2.0667E+00, 1.3333E-01,
13:26:35.14674707,-2.6667E-02, 2.0267E+00, 1.3333E-01,
13:26:35.14674712, 0.0000E+00, 2.0400E+00,-2.6667E-01,
13:26:35.14674717, 0.0000E+00, 2.0400E+00,-1.3333E-01,
13:26:35.14674722, 0.0000E+00, 2.0400E+00, 0.0000E+00,
13:26:35.14674727, 1.3333E-02, 2.0267E+00,-1.3333E-01,
13:26:35.14674732,-1.3333E-02, 2.0133E+00,-1.3333E-01,
13:26:35.14674737, 0.0000E+00, 2.0400E+00,-1.3333E-01,
13:26:35.14674742,-2.6667E-02, 2.0267E+00,-1.3333E-01,
13:26:35.14674747, 1.3333E-02, 2.0400E+00,-1.3333E-01,
13:26:35.14674752,-2.6667E-02, 2.0667E+00,-4.0000E-01,
13:26:35.14674757,-2.6667E-02, 2.0400E+00, 2.6667E-01,
13:26:35.14674762,-1.3333E-02, 2.0400E+00, 0.0000E+00,
13:26:35.14674767,-1.3333E-02, 2.0400E+00,-1.3333E-01,
13:26:35.14674772,-2.6667E-02, 2.0133E+00,-2.6667E-01,
13:26:35.14674777, 0.0000E+00, 2.0000E+00,-1.3333E-01,
13:26:35.14674782, 1.3333E-02, 2.0267E+00,-2.6667E-01,
13:26:35.14674787,-2.6667E-02, 2.0133E+00,-1.3333E-01,
13:26:35.14674792, 0.0000E+00, 2.0267E+00, 0.0000E+00,
13:26:35.14674797,-4.0000E-02, 2.0133E+00,-1.3333E-01,
13:26:35.14674802,-4.0000E-02, 2.0533E+00,-2.6667E-01,
13:26:35.14674807, 0.0000E+00, 1.9867E+00,-1.3333E-01,
13:26:35.14674812,-2.6667E-02, 2.0000E+00, 1.3333E-01,
13:26:35.14674817,-4.0000E-02, 2.0000E+00, 0.0000E+00,
13:26:35.14674822, 1.3333E-02, 2.0267E+00, 2.6667E-01,
13:26:35.14674827, 0.0000E+00, 2.0400E+00, 1.3333E-01,
13:26:35.14674832,-4.0000E-02, 2.0133E+00, 2.6667E-01,
13:26:35.14674837, 0.0000E+00, 2.0400E+00, 2.6667E-01,
13:26:35.14674842,-6.6667E-02, 2.0267E+00, 0.0000E+00,
13:26:35.14674847,-2.6667E-02, 2.0133E+00,-4.0000E-01,
13:26:35.14674852,-1.3333E-02, 2.0133E+00, 2.6667E-01,
13:26:35.14674857,-1.3333E-02, 2.0667E+00,-1.3333E-01,
13:26:35.14674862,-1.3333E-02, 2.0267E+00,-2.6667E-01,
13:26:35.14674867,-2.6667E-02, 2.0400E+00,-1.3333E-01,
13:26:35.14674872,-1.3333E-02, 2.0267E+00, 1.3333E-01,
13:26:35.14674877, 0.0000E+00, 2.0267E+00, 1.3333E-01,
13:26:35.14674882,-4.0000E-02, 2.0267E+00, 1.3333E-01,
13:26:35.14674887,-1.3333E-02, 2.0533E+00, 1.3333E-01,
13:26:35.14674892,-4.0000E-02, 2.0133E+00, 2.6667E-01,
13:26:35.14674897,-2.6667E-02, 2.0400E+00,-1.3333E-01,
13:26:35.14674902,-1.3333E-02, 2.0267E+00,-2.6667E-01,
13:26:35.14674907,-2.6667E-02, 2.0000E+00,-5.3333E-01,
13:26:35.14674912,-2.6667E-02, 2.0667E+00, 0.0000E+00,
13:26:35.14674917,-5.3333E-02, 2.0267E+00,-1.3333E-01,
13:26:35.14674922, 1.3333E-02, 2.0400E+00, 0.0000E+00,
13:26:35.14674927,-1.3333E-02, 2.0400E+00, 2.6667E-01,
13:26:35.14674932, 0.0000E+00, 2.0400E+00, 2.6667E-01,
13:26:35.14674937,-1.3333E-02, 2.0267E+00,-4.0000E-01,
13:26:35.14674942,-4.0000E-02, 2.0533E+00,-1.3333E-01,
13:26:35.14674947,-4.0000E-02, 2.0400E+00, 0.0000E+00,
13:26:35.14674952,-5.3333E-02, 2.0400E+00,-2.6667E-01,
13:26:35.14674957,-1.3333E-02, 2.0933E+00,-2.6667E-01,
13:26:35.14674962, 0.0000E+00, 2.0667E+00, 0.0000E+00,
13:26:35.14674967,-1.3333E-02, 2.0267E+00, 0.0000E+00,
13:26:35.14674972,-1.3333E-02, 2.0267E+00, 1.3333E-01,
13:26:35.14674977,-4.0000E-02, 2.0933E+00, 0.0000E+00,
13:26:35.14674982,-5.3333E-02, 2.0533E+00,-1.3333E-01,
13:26:35.14674987,-1.3333E-02, 2.0667E+00,-1.3333E-01,
13:26:35.14674992,-4.0000E-02, 2.0133E+00, 0.0000E+00,
13:26:35.14674997, 0.0000E+00, 2.0533E+00, 0.0000E+00,
13:26:35.14675002, 0.0000E+00, 2.0000E+00,-1.3333E-01,
13:26:35.14675007, 0.0000E+00, 2.0400E+00,-2.6667E-01,
13:26:35.14675012, 1.3333E-02, 2.0533E+00, 0.0000E+00,
13:26:35.14675017,-1.3333E-02, 2.0400E+00,-4.0000E-01,
13:26:35.14675022, 0.0000E+00, 2.0133E+00, 1.3333E-01,
13:26:35.14675027,-1.3333E-02, 2.0400E+00, 1.3333E-01,
13:26:35.14675032,-6.6667E-02, 2.0267E+00, 1.3333E-01,
13:26:35.14675037,-5.3333E-02, 2.0000E+00,-4.0000E-01,
13:26:35.14675042,-2.6667E-02, 2.0400E+00, 1.3333E-01,
13:26:35.14675047,-5.3333E-02, 2.0533E+00, 0.0000E+00,
13:26:35.14675052, 0.0000E+00, 2.0000E+00, 0.0000E+00,
13:26:35.14675057,-2.6667E-02, 2.0400E+00,-1.3333E-01,
13:26:35.14675062,-1.3333E-02, 2.0400E+00, 2.6667E-01,
13:26:35.14675067,-1.3333E-02, 2.0133E+00,-1.3333E-01,
13:26:35.14675072, 1.3333E-02, 2.0400E+00, 0.0000E+00,
13:26:35.14675077,-1.3333E-02, 2.0267E+00, 0.0000E+00,
13:26:35.14675082,-2.6667E-02, 2.0400E+00, 1.3333E-01,
13:26:35.14675087,-2.6667E-02, 2.0533E+00,-1.3333E-01,
13:26:35.14675092,-2.6667E-02, 2.0533E+00, 1.3333E-01,
13:26:35.14675097,-1.3333E-02, 2.0400E+00,-4.0000E-01,
13:26:35.14675102, 0.0000E+00, 2.0267E+00,-4.0000E-01,
13:26:35.14675107, 0.0000E+00, 2.0667E+00,-1.3333E-01,
13:26:35.14675112,-2.6667E-02, 2.0133E+00, 1.3333E-01,
13:26:35.14675117, 2.6667E-02, 2.0000E+00, 1.3333E-01,
13:26:35.14675122,-1.3333E-02, 2.0400E+00, 1.3333E-01,
13:26:35.14675127, 2.6667E-02, 2.0400E+00, 0.0000E+00,
13:26:35.14675132,-1.3333E-02, 2.0000E+00, 0.0000E+00,
13:26:35.14675137,-1.3333E-02, 2.0267E+00,-2.6667E-01,
13:26:35.14675142,-2.6667E-02, 2.0267E+00, 0.0000E+00,
13:26:35.14675147,-2.6667E-02, 2.0533E+00,-5.3333E-01,
13:26:35.14675152, 0.0000E+00, 2.0400E+00,-1.3333E-01,
13:26:35.14675157, 1.3333E-02, 2.0133E+00,-2.6667E-01,
13:26:35.14675162,-2.6667E-02, 2.0400E+00,-1.3333E-01,
13:26:35.14675167,-1.3333E-02, 2.0400E+00,-1.3333E-01,
13:26:35.14675172, 0.0000E+00, 2.0400E+00,-1.3333E-01,
13:26:35.14675177,-4.0000E-02, 2.0533E+00,-2.6667E-01,
13:26:35.14675182,-2.6667E-02, 2.0667E+00,-2.6667E-01,
13:26:35.14675187,-1.3333E-02, 2.0667E+00,-2.6667E-01,
13:26:35.14675192,-2.6667E-02, 2.0533E+00,-2.6667E-01,
13:26:35.14675197, 0.0000E+00, 2.0267E+00,-5.3333E-01,
13:26:35.14675202,-2.6667E-02, 2.0533E+00,-1.3333E-01,
13:26:35.14675207,-2.6667E-02, 2.0267E+00,-1.3333E-01,
13:26:35.14675212,-2.6667E-02, 2.0533E+00, 0.0000E+00,
13:26:35.14675217, 0.0000E+00, 2.0667E+00,-4.0000E-01,
13:26:35.14675222,-2.6667E-02, 2.0267E+00, 0.0000E+00,
13:26:35.14675227,-2.6667E-02, 2.0533E+00, 0.0000E+00,
13:26:35.14675232,-2.6667E-02, 2.0267E+00,-4.0000E-01,
13:26:35.14675237,-1.3333E-02, 2.0267E+00, 0.0000E+00,
13:26:35.14675242,-2.6667E-02, 2.0133E+00,-1.3333E-01,
13:26:35.14675247,-2.6667E-02, 2.0400E+00,-2.6667E-01,
13:26:35.14675252,-2.6667E-02, 2.0267E+00, 0.0000E+00,
13:26:35.14675257, 0.0000E+00, 2.0533E+00,-2.6667E-01,
13:26:35.14675262,-2.6667E-02, 2.0533E+00,-1.3333E-01,
13:26:35.14675267,-2.6667E-02, 2.0267E+00,-1.3333E-01,
13:26:35.14675272,-2.6667E-02, 2.0133E+00, 0.0000E+00,
13:26:35.14675277,-1.3333E-02, 2.0400E+00,-2.6667E-01,
13:26:35.14675282,-1.3333E-02, 2.0533E+00, 0.0000E+00,
13:26:35.14675287,-1.3333E-02, 2.0267E+00, 0.0000E+00,
13:26:35.14675292, 2.6667E-02, 2.0267E+00, 0.0000E+00,
13:26:35.14675297,-4.0000E-02, 2.0400E+00, 1.3333E-01,
13:26:35.14675302,-1.3333E-02, 2.0400E+00,-1.3333E-01,
13:26:35.14675307,-1.3333E-02, 2.0133E+00,-2.6667E-01,
13:26:35.14675312,-1.3333E-02, 2.0400E+00,-4.0000E-01,
13:26:35.14675317,-1.3333E-02, 2.0267E+00, 1.3333E-01,
13:26:35.14675322,-5.3333E-02, 2.0267E+00, 2.6667E-01,
13:26:35.14675327,-2.6667E-02, 2.0133E+00,-1.3333E-01,
13:26:35.14675332,-1.3333E-02, 2.0267E+00,-1.3333E-01,
13:26:35.14675337, 0.0000E+00, 2.0133E+00,-2.6667E-01,
13:26:35.14675342,-1.3333E-02, 2.0533E+00, 1.3333E-01,
13:26:35.14675347, 0.0000E+00, 2.0400E+00,-2.6667E-01,
13:26:35.14675352,-1.3333E-02, 2.0267E+00,-2.6667E-01,
13:26:35.14675357,-1.3333E-02, 2.0400E+00, 1.3333E-01,
13:26:35.14675362,-4.0000E-02, 2.0533E+00,-2.6667E-01,
13:26:35.14675367,-1.3333E-02, 2.0533E+00, 1.3333E-01,
13:26:35.14675372,-2.6667E-02, 2.0533E+00,-2.6667E-01,
13:26:35.14675377,-1.3333E-02, 2.0400E+00,-1.3333E-01,
13:26:35.14675382,-4.0000E-02, 2.0267E+00,-2.6667E-01,
13:26:35.14675387,-2.6667E-02, 2.0133E+00,-4.0000E-01,
13:26:35.14675392,-2.6667E-02, 2.0533E+00,-5.3333E-01,
13:26:35.14675397, 0.0000E+00, 2.0533E+00, 1.3333E-01,
13:26:35.14675402,-4.0000E-02, 2.0400E+00, 1.3333E-01,
13:26:35.14675407,-1.3333E-02, 2.0133E+00, 0.0000E+00,
13:26:35.14675412, 1.3333E-02, 2.0267E+00, 0.0000E+00,
13:26:35.14675417,-1.3333E-02, 2.0400E+00,-1.3333E-01,
13:26:35.14675422,-2.6667E-02, 2.0400E+00,-2.6667E-01,
13:26:35.14675427, 0.0000E+00, 2.0267E+00,-4.0000E-01,
13:26:35.14675432,-5.3333E-02, 2.0133E+00, 1.3333E-01,
13:26:35.14675437,-2.6667E-02, 2.0267E+00, 0.0000E+00,
13:26:35.14675442,-4.0000E-02, 2.0267E+00,-2.6667E-01,
13:26:35.14675447, 2.6667E-02, 2.0267E+00, 0.0000E+00,
13:26:35.14675452, 0.0000E+00, 2.0400E+00,-1.3333E-01,
13:26:35.14675457,-4.0000E-02, 2.0400E+00,-1.3333E-01,
13:26:35.14675462,-2.6667E-02, 2.0133E+00, 0.0000E+00,
13:26:35.14675467,-6.6667E-02, 2.0267E+00,-2.6667E-01,
13:26:35.14675472,-5.3333E-02, 2.0400E+00, 0.0000E+00,
13:26:35.14675477,-2.6667E-02, 2.0267E+00,-5.3333E-01,
13:26:35.14675482,-1.3333E-02, 2.0400E+00,-2.6667E-01,
13:26:35.14675487,-1.3333E-02, 2.0133E+00,-1.3333E-01,
13:26:35.14675492, 0.0000E+00, 2.0267E+00,-1.3333E-01,
13:26:35.14675497,-1.3333E-02, 2.0533E+00, 1.3333E-01,
13:26:35.14675502,-2.6667E-02, 2.0667E+00,-1.3333E-01,
13:26:35.14675507,-1.3333E-02, 2.0267E+00, 2.6667E-01,
13:26:35.14675512, 1.3333E-02, 2.0267E+00, 0.0000E+00,
13:26:35.14675517,-2.6667E-02, 2.0267E+00, 0.0000E+00,
13:26:35.14675522,-2.6667E-02, 2.0533E+00, 1.3333E-01,
13:26:35.14675527,-2.6667E-02, 2.0400E+00,-2.6667E-01,
13:26:35.14675532,-2.6667E-02, 2.0267E+00, 0.0000E+00,
13:26:35.14675537, 0.0000E+00, 2.0267E+00,-5.3333E-01,
13:26:35.14675542, 2.6667E-02, 2.0533E+00,-2.6667E-01,
13:26:35.14675547,-1.3333E-02, 2.0267E+00,-1.3333E-01,
13:26:35.14675552,-1.3333E-02, 2.0267E+00, 0.0000E+00,
13:26:35.14675557,-4.0000E-02, 2.0133E+00, 0.0000E+00,
13:26:35.14675562,-2.6667E-02, 2.0000E+00,-4.0000E-01,
13:26:35.14675567,-5.3333E-02, 2.0400E+00,-1.3333E-01,
13:26:35.14675572,-4.0000E-02, 2.0667E+00,-1.3333E-01,
13:26:35.14675577,-2.6667E-02, 2.0267E+00, 1.3333E-01,
13:26:35.14675582,-1.3333E-02, 2.0400E+00,-2.6667E-01,
13:26:35.14675587,-2.6667E-02, 2.0800E+00,-1.3333E-01,
13:26:35.14675592, 0.0000E+00, 2.0533E+00, 2.6667E-01,
13:26:35.14675597,-1.3333E-02, 2.0533E+00,-2.6667E-01,
13:26:35.14675602,-2.6667E-02, 2.0267E+00, 0.0000E+00,
13:26:35.14675607,-1.3333E-02, 2.0267E+00, 0.0000E+00,
13:26:35.14675612,-2.6667E-02, 2.0400E+00, 0.0000E+00,
13:26:35.14675617,-1.3333E-02, 2.0267E+00, 2.6667E-01,
13:26:35.14675622,-2.6667E-02, 2.0400E+00,-2.6667E-01,
13:26:35.14675627, 2.6667E-02, 2.0133E+00,-2.6667E-01,
13:26:35.14675632,-1.3333E-02, 2.0267E+00, 0.0000E+00,
13:26:35.14675637,-1.3333E-02, 2.0267E+00, 0.0000E+00,
13:26:35.14675642,-1.3333E-02, 2.0267E+00,-4.0000E-01,
13:26:35.14675647, 0.0000E+00, 2.0267E+00,-1.3333E-01,
13:26:35.14675652,-1.3333E-02, 2.0267E+00, 0.0000E+00,
13:26:35.14675657,-5.3333E-02, 2.0267E+00,-4.0000E-01,
13:26:35.14675662,-4.0000E-02, 2.0267E+00, 0.0000E+00,
13:26:35.14675667,-2.6667E-02, 2.0400E+00, 0.0000E+00,
13:26:35.14675672,-1.3333E-02, 2.0400E+00,-4.0000E-01,
13:26:35.14675677,-1.3333E-02, 2.0267E+00,-1.3333E-01,
13:26:35.14675682,-4.0000E-02, 2.0533E+00,-2.6667E-01,
13:26:35.14675687,-1.3333E-02, 2.0133E+00,-1.3333E-01,
13:26:35.14675692, 0.0000E+00, 2.0267E+00, 0.0000E+00,
13:26:35.14675697,-1.3333E-02, 2.0267E+00, 0.0000E+00,
13:26:35.14675702,-1.3333E-02, 2.0133E+00, 0.0000E+00,
13:26:35.14675707,-2.6667E-02, 2.0000E+00, 0.0000E+00,
13:26:35.14675712,-1.3333E-02, 2.0400E+00,-2.6667E-01,
13:26:35.14675717,-1.3333E-02, 2.0267E+00, 0.0000E+00,
13:26:35.14675722,-2.6667E-02, 2.0133E+00,-2.6667E-01,
13:26:35.14675727,-4.0000E-02, 2.0533E+00, 0.0000E+00,
13:26:35.14675732,-2.6667E-02, 2.0267E+00,-1.3333E-01,
13:26:35.14675737, 0.0000E+00, 2.0133E+00, 0.0000E+00,
13:26:35.14675742, 0.0000E+00, 2.0533E+00,-2.6667E-01,
13:26:35.14675747,-2.6667E-02, 2.0000E+00,-1.3333E-01,
13:26:35.14675752,-4.0000E-02, 2.0400E+00,-1.3333E-01,
13:26:35.14675757,-1.3333E-02, 2.0267E+00, 0.0000E+00,
13:26:35.14675762,-2.6667E-02, 2.0533E+00,-1.3333E-01,
13:26:35.14675767, 0.0000E+00, 2.0533E+00,-1.3333E-01,
13:26:35.14675772,-4.0000E-02, 2.0400E+00,-1.3333E-01,
13:26:35.14675777,-4.0000E-02, 2.0533E+00,-1.3333E-01,
13:26:35.14675782,-4.0000E-02, 2.0133E+00,-2.6667E-01,
13:26:35.14675787,-1.3333E-02, 2.0667E+00,-1.3333E-01,
13:26:35.14675792,-4.0000E-02, 2.0267E+00,-2.6667E-01,
13:26:35.14675797,-1.3333E-02, 2.0533E+00,-1.3333E-01,
13:26:35.14675802,-5.3333E-02, 2.0133E+00, 1.3333E-01,
13:26:35.14675807,-4.0000E-02, 2.0533E+00, 1.3333E-01,
13:26:35.14675812, 0.0000E+00, 2.0267E+00, 1.3333E-01,
13:26:35.14675817,-1.3333E-02, 2.0400E+00, 2.6667E-01,
13:26:35.14675822,-2.6667E-02, 2.0533E+00,-2.6667E-01,
13:26:35.14675827, 1.3333E-02, 2.0267E+00, 0.0000E+00,
13:26:35.14675832, 0.0000E+00, 2.0267E+00, 1.3333E-01,
13:26:35.14675837,-1.3333E-02, 2.0400E+00, 0.0000E+00,
13:26:35.14675842,-2.6667E-02, 2.0000E+00,-2.6667E-01,
13:26:35.14675847,-1.3333E-02, 2.0667E+00, 0.0000E+00,
13:26:35.14675852,-5.3333E-02, 2.0267E+00, 0.0000E+00,
13:26:35.14675857,-1.3333E-02, 2.0000E+00,-2.6667E-01,
13:26:35.14675862,-4.0000E-02, 2.0533E+00,-4.0000E-01,
13:26:35.14675867,-4.0000E-02, 2.0400E+00,-1.3333E-01,
13:26:35.14675872, 0.0000E+00, 2.0400E+00, 0.0000E+00,
13:26:35.14675877, 1.3333E-02, 2.0267E+00,-1.3333E-01,
13:26:35.14675882,-1.3333E-02, 2.0267E+00,-1.3333E-01,
13:26:35.14675887, 0.0000E+00, 2.0400E+00, 1.3333E-01,
13:26:35.14675892,-4.0000E-02, 2.0533E+00, 0.0000E+00,
13:26:35.14675897,-5.3333E-02, 2.0667E+00,-2.6667E-01,
13:26:35.14675902,-1.3333E-02, 2.0400E+00,-1.3333E-01,
13:26:35.14675907,-2.6667E-02, 2.0533E+00,-2.6667E-01,
13:26:35.14675912,-2.6667E-02, 2.0400E+00,-2.6667E-01,
13:26:35.14675917, 0.0000E+00, 2.0533E+00,-2.6667E-01,
13:26:35.14675922,-1.3333E-02, 2.0000E+00,-2.6667E-01,
13:26:35.14675927, 0.0000E+00, 2.0267E+00,-4.0000E-01,
13:26:35.14675932, 0.0000E+00, 2.0400E+00,-1.3333E-01,
13:26:35.14675937,-4.0000E-02, 2.0267E+00,-1.3333E-01,
13:26:35.14675942,-4.0000E-02, 2.0133E+00, 1.3333E-01,
13:26:35.14675947,-4.0000E-02, 2.0533E+00, 0.0000E+00,
13:26:35.14675952,-2.6667E-02, 2.0400E+00, 0.0000E+00,
13:26:35.14675957,-1.3333E-02, 2.0267E+00, 1.3333E-01,
13:26:35.14675962,-1.3333E-02, 2.0133E+00,-1.3333E-01,
13:26:35.14675967,-1.3333E-02, 2.0267E+00,-2.6667E-01,
13:26:35.14675972, 0.0000E+00, 2.0000E+00,-1.3333E-01,
13:26:35.14675977, 1.3333E-02, 2.0400E+00, 1.3333E-01,
13:26:35.14675982,-1.3333E-02, 2.0400E+00,-1.3333E-01,
13:26:35.14675987,-1.3333E-02, 2.0533E+00, 1.3333E-01,
13:26:35.14675992,-1.3333E-02, 2.0400E+00, 0.0000E+00,
13:26:35.14675997,-4.0000E-02, 2.0533E+00,-4.0000E-01,
13:26:35.14676002,-1.3333E-02, 2.0400E+00, 0.0000E+00,
13:26:35.14676007, 0.0000E+00, 2.0400E+00,-2.6667E-01,
13:26:35.14676012, 0.0000E+00, 2.0267E+00,-4.0000E-01,
13:26:35.14676017,-1.3333E-02, 2.0400E+00,-5.3333E-01,
13:26:35.14676022, 0.0000E+00, 2.0533E+00,-1.3333E-01,
13:26:35.14676027,-2.6667E-02, 2.0533E+00,-1.3333E-01,
13:26:35.14676032, 0.0000E+00, 2.0267E+00,-1.3333E-01,
13:26:35.14676037,-2.6667E-02, 2.0533E+00, 1.3333E-01,
13:26:35.14676042,-4.0000E-02, 2.0267E+00, 1.3333E-01,
13:26:35.14676047, 1.3333E-02, 2.0533E+00, 2.6667E-01,
13:26:35.14676052,-1.3333E-02, 2.0400E+00,-1.3333E-01,
13:26:35.14676057,-1.3333E-02, 2.0267E+00, 0.0000E+00,
13:26:35.14676062, 0.0000E+00, 2.0533E+00,-2.6667E-01,
13:26:35.14676067, 0.0000E+00, 2.0400E+00,-2.6667E-01,
13:26:35.14676072,-1.3333E-02, 2.0400E+00,-1.3333E-01,
13:26:35.14676077,-1.3333E-02, 2.0267E+00, 4.0000E-01,
13:26:35.14676082,-1.3333E-02, 2.0400E+00, 0.0000E+00,
13:26:35.14676087,-1.3333E-02, 2.0400E+00,-1.3333E-01,
13:26:35.14676092,-5.3333E-02, 2.0133E+00, 0.0000E+00,
13:26:35.14676097,-2.6667E-02, 2.0267E+00,-1.3333E-01,
13:26:35.14676102, 0.0000E+00, 2.0267E+00,-4.0000E-01,
13:26:35.14676107,-2.6667E-02, 2.0400E+00, 1.3333E-01,
13:26:35.14676112, 0.0000E+00, 2.0267E+00,-1.3333E-01,
13:26:35.14676117, 0.0000E+00, 2.0533E+00,-2.6667E-01,
13:26:35.14676122,-2.6667E-02, 2.0267E+00, 1.3333E-01,
13:26:35.14676127, 1.3333E-02, 2.0267E+00, 1.3333E-01,
13:26:35.14676132,-2.6667E-02, 2.0400E+00,-2.6667E-01,
13:26:35.14676137,-2.6667E-02, 2.0400E+00, 0.0000E+00,
13:26:35.14676142,-5.3333E-02, 2.0667E+00, 0.0000E+00,
13:26:35.14676147,-4.0000E-02, 2.0400E+00, 1.3333E-01,
13:26:35.14676152, 0.0000E+00, 2.0800E+00, 0.0000E+00,
13:26:35.14676157,-2.6667E-02, 2.0267E+00,-2.6667E-01,
13:26:35.14676162, 1.3333E-02, 2.0133E+00,-1.3333E-01,
13:26:35.14676167,-2.6667E-02, 2.0267E+00,-5.3333E-01,
13:26:35.14676172, 0.0000E+00, 2.0133E+00,-1.3333E-01,
13:26:35.14676177,-4.0000E-02, 2.0400E+00,-1.3333E-01,
13:26:35.14676182,-1.3333E-02, 2.0267E+00, 0.0000E+00,
13:26:35.14676187,-4.0000E-02, 2.0000E+00, 0.0000E+00,
13:26:35.14676192,-5.3333E-02, 2.0533E+00, 2.6667E-01,
13:26:35.14676197, 0.0000E+00, 2.0400E+00, 1.3333E-01,
13:26:35.14676202, 0.0000E+00, 2.0400E+00,-1.3333E-01,
13:26:35.14676207,-1.3333E-02, 2.0133E+00,-4.0000E-01,
13:26:35.14676212, 0.0000E+00, 2.0400E+00, 0.0000E+00,
13:26:35.14676217,-1.3333E-02, 2.0400E+00, 0.0000E+00,
13:26:35.14676222,-5.3333E-02, 2.0400E+00,-4.0000E-01,
13:26:35.14676227,-5.3333E-02, 2.0533E+00, 0.0000E+00,
13:26:35.14676232,-5.3333E-02, 2.0400E+00,-1.3333E-01,
13:26:35.14676237,-4.0000E-02, 2.0533E+00,-2.6667E-01,
13:26:35.14676242,-2.6667E-02, 2.0533E+00,-4.0000E-01,
13:26:35.14676247, 1.3333E-02, 2.0400E+00,-2.6667E-01,
13:26:35.14676252,-2.6667E-02, 2.0533E+00,-5.3333E-01,
13:26:35.14676257,-1.3333E-02, 2.0400E+00, 1.3333E-01,
13:26:35.14676262,-1.3333E-02, 2.0667E+00,-1.3333E-01,
13:26:35.14676267,-2.6667E-02, 2.0267E+00,-1.3333E-01,
13:26:35.14676272,-1.3333E-02, 2.0267E+00,-2.6667E-01,
13:26:35.14676277,-4.0000E-02, 2.0267E+00, 1.3333E-01,
13:26:35.14676282,-2.6667E-02, 2.0133E+00, 2.6667E-01,
13:26:35.14676287,-2.6667E-02, 2.0400E+00,-1.3333E-01,
13:26:35.14676292,-2.6667E-02, 2.0400E+00, 0.0000E+00,
13:26:35.14676297,-1.3333E-02, 2.0133E+00, 0.0000E+00,
13:26:35.14676302,-2.6667E-02, 2.0533E+00,-4.0000E-01,
13:26:35.14676307, 1.3333E-02, 2.0400E+00, 0.0000E+00,
13:26:35.14676312,-1.3333E-02, 2.0400E+00,-1.3333E-01,
13:26:35.14676317,-2.6667E-02, 2.0133E+00,-4.0000E-01,
13:26:35.14676322,-5.3333E-02, 2.0400E+00,-1.3333E-01,
13:26:35.14676327, 0.0000E+00, 2.0400E+00,-1.3333E-01,
13:26:35.14676332,-2.6667E-02, 2.0533E+00,-4.0000E-01,
13:26:35.14676337,-2.6667E-02, 2.0267E+00,-1.3333E-01,
13:26:35.14676342,-2.6667E-02, 2.0133E+00,-1.3333E-01,
13:26:35.14676347,-4.0000E-02, 2.0267E+00,-1.3333E-01,
13:26:35.14676352, 1.3333E-02, 2.0400E+00,-2.6667E-01,
13:26:35.14676357, 2.6667E-02, 2.0133E+00, 0.0000E+00,
13:26:35.14676362,-2.6667E-02, 2.0400E+00,-2.6667E-01,
13:26:35.14676367, 0.0000E+00, 2.0400E+00, 0.0000E+00,
13:26:35.14676372, 0.0000E+00, 2.0533E+00,-1.3333E-01,
13:26:35.14676377, 0.0000E+00, 2.0533E+00,-1.3333E-01,
13:26:35.14676382,-4.0000E-02, 2.0133E+00, 0.0000E+00,
13:26:35.14676387, 0.0000E+00, 2.0133E+00, 0.0000E+00,
13:26:35.14676392, 0.0000E+00, 2.0667E+00,-1.3333E-01,
13:26:35.14676397,-1.3333E-02, 2.0400E+00,-1.3333E-01,
13:26:35.14676402, 1.3333E-02, 2.0133E+00,-6.6667E-01,
13:26:35.14676407,-2.6667E-02, 2.0400E+00, 1.3333E-01,
13:26:35.14676412,-2.6667E-02, 2.0000E+00, 0.0000E+00,
13:26:35.14676417,-2.6667E-02, 2.0533E+00, 0.0000E+00,
13:26:35.14676422,-5.3333E-02, 2.0400E+00,-2.6667E-01,
13:26:35.14676427,-4.0000E-02, 2.0533E+00, 2.6667E-01,
13:26:35.14676432, 6.6667E-02, 2.0400E+00,-2.6667E-01,
13:26:35.14676437, 9.0667E-01, 2.0533E+00,-1.3333E-01,
13:26:35.14676442, 2.2933E+00, 1.6533E+00, 0.0000E+00,
13:26:35.14676447, 3.2933E+00, 9.8667E-01, 2.6667E-01,
13:26:35.14676452, 3.9333E+00, 8.5333E-01,-2.6667E-01,
13:26:35.14676457, 4.2933E+00, 8.5333E-01,-5.3333E-01,
13:26:35.14676462, 4.4667E+00, 8.2667E-01,-1.3333E-01,
13:26:35.14676467, 4.4400E+00, 8.5333E-01, 0.0000E+00,
13:26:35.14676472, 4.3867E+00, 8.2667E-01, 1.3333E-01,
13:26:35.14676477, 4.3467E+00, 8.8000E-01, 4.0000E-01,
13:26:35.14676482, 4.3733E+00, 8.5333E-01, 5.3333E-01,
13:26:35.14676487, 4.3467E+00, 8.9333E-01, 5.3333E-01,
13:26:35.14676492, 4.3467E+00, 8.9333E-01, 6.6667E-01,
13:26:35.14676497, 4.3333E+00, 8.9333E-01, 8.0000E-01,
13:26:35.14676502, 4.3067E+00, 8.9333E-01, 1.0667E+00,
13:26:35.14676507, 4.3067E+00, 8.9333E-01, 9.3333E-01,
13:26:35.14676512, 4.2667E+00, 8.9333E-01, 2.0000E+00,
13:26:35.14676517, 4.2667E+00, 8.9333E-01, 1.7333E+00,
13:26:35.14676522, 4.2133E+00, 8.9333E-01, 2.0000E+00,
13:26:35.14676527, 4.2267E+00, 9.3333E-01, 2.2667E+00,
13:26:35.14676532, 4.2000E+00, 9.0667E-01, 2.2667E+00,
13:26:35.14676537, 4.2133E+00, 8.8000E-01, 2.6667E+00,
13:26:35.14676542, 4.2133E+00, 9.0667E-01, 2.9333E+00,
13:26:35.14676547, 4.2267E+00, 9.2000E-01, 2.6667E+00,
13:26:35.14676552, 4.2400E+00, 8.9333E-01, 3.2000E+00,
13:26:35.14676557, 4.2000E+00, 8.6667E-01, 3.0667E+00,
13:26:35.14676562, 4.2000E+00, 8.9333E-01, 3.4667E+00,
13:26:35.14676567, 4.2133E+00, 8.8000E-01, 3.7333E+00,
13:26:35.14676572, 4.2000E+00, 8.9333E-01, 4.0000E+00,
13:26:35.14676577, 4.2133E+00, 8.9333E-01, 4.1333E+00,
13:26:35.14676582, 4.2000E+00, 8.8000E-01, 4.6667E+00,
13:26:35.14676587, 4.2000E+00, 8.8000E-01, 4.5333E+00,
13:26:35.14676592, 4.2267E+00, 8.5333E-01, 4.5333E+00,
13:26:35.14676597, 4.2267E+00, 8.8000E-01, 4.8000E+00,
13:26:35.14676602, 4.2000E+00, 8.6667E-01, 5.2000E+00,
13:26:35.14676607, 4.2000E+00, 8.5333E-01, 5.2000E+00,
13:26:35.14676612, 4.2133E+00, 8.2667E-01, 5.7333E+00,
13:26:35.14676617, 4.2000E+00, 8.1333E-01, 5.7333E+00,
13:26:35.14676622, 4.2400E+00, 8.1333E-01, 5.8667E+00,
13:26:35.14676627, 4.2000E+00, 8.1333E-01, 6.1333E+00,
13:26:35.14676632, 4.2533E+00, 8.2667E-01, 6.4000E+00,
13:26:35.14676637, 4.2533E+00, 8.0000E-01, 6.9333E+00,
13:26:35.14676642, 4.2400E+00, 8.0000E-01, 7.0667E+00,
13:26:35.14676647, 4.3333E+00, 7.7333E-01, 7.4667E+00,
13:26:35.14676652, 4.3067E+00, 7.7333E-01, 7.3333E+00,
13:26:35.14676657, 4.3067E+00, 7.7333E-01, 7.4667E+00,
13:26:35.14676662, 4.2800E+00, 7.4667E-01, 7.7333E+00,
13:26:35.14676667, 4.3067E+00, 7.4667E-01, 8.1333E+00,
13:26:35.14676672, 4.3333E+00, 7.2000E-01, 8.4000E+00,
13:26:35.14676677, 4.3067E+00, 7.4667E-01, 8.4000E+00,
13:26:35.14676682, 4.3467E+00, 7.4667E-01, 8.9333E+00,
13:26:35.14676687, 4.3467E+00, 7.3333E-01, 8.9333E+00,
13:26:35.14676692, 4.3467E+00, 7.0667E-01, 9.3333E+00,
13:26:35.14676697, 4.3467E+00, 6.8000E-01, 9.2000E+00,
13:26:35.14676702, 4.3333E+00, 7.0667E-01, 9.8667E+00,
13:26:35.14676707, 4.3333E+00, 6.9333E-01, 9.7333E+00,
13:26:35.14676712, 4.3467E+00, 6.6667E-01, 1.0267E+01,
13:26:35.14676717, 4.3067E+00, 6.6667E-01, 1.0533E+01,
13:26:35.14676722, 4.3200E+00, 6.9333E-01, 1.0800E+01,
13:26:35.14676727, 4.3200E+00, 6.6667E-01, 1.0933E+01,
13:26:35.14676732, 4.3333E+00, 6.6667E-01, 1.1333E+01,
13:26:35.14676737, 4.3333E+00, 6.5333E-01, 1.1333E+01,
13:26:35.14676742, 4.3467E+00, 6.4000E-01, 1.1733E+01,
13:26:35.14676747, 4.3333E+00, 6.4000E-01, 1.2133E+01,
13:26:35.14676752, 4.3200E+00, 6.2667E-01, 1.2000E+01,
13:26:35.14676757, 4.3200E+00, 6.4000E-01, 1.2533E+01,
13:26:35.14676762, 4.2933E+00, 6.2667E-01, 1.2933E+01,
13:26:35.14676767, 4.3067E+00, 6.1333E-01, 1.3067E+01,
13:26:35.14676772, 4.3200E+00, 6.1333E-01, 1.3467E+01,
13:26:35.14676777, 4.3200E+00, 6.1333E-01, 1.3467E+01,
13:26:35.14676782, 4.3467E+00, 5.8667E-01, 1.3867E+01,
13:26:35.14676787, 4.3467E+00, 6.1333E-01, 1.4000E+01,
13:26:35.14676792, 4.3600E+00, 6.1333E-01, 1.4267E+01,
13:26:35.14676797, 4.3733E+00, 6.0000E-01, 1.4400E+01,
13:26:35.14676802, 4.3067E+00, 6.1333E-01, 1.4800E+01,
13:26:35.14676807, 4.3467E+00, 5.8667E-01, 1.4933E+01,
13:26:35.14676812, 4.3333E+00, 5.7333E-01, 1.5333E+01,
13:26:35.14676817, 4.3467E+00, 5.7333E-01, 1.5733E+01,
13:26:35.14676822, 4.3333E+00, 5.7333E-01, 1.6000E+01,
13:26:35.14676827, 4.3467E+00, 5.4667E-01, 1.6000E+01,
13:26:35.14676832, 4.3733E+00, 5.6000E-01, 1.6267E+01,
13:26:35.14676837, 4.3600E+00, 5.4667E-01, 1.6933E+01,
13:26:35.14676842, 4.3733E+00, 5.6000E-01, 1.7067E+01,
13:26:35.14676847, 4.3600E+00, 5.4667E-01, 1.6800E+01,
13:26:35.14676852, 4.3600E+00, 5.4667E-01, 1.7600E+01,
13:26:35.14676857, 4.3200E+00, 5.7333E-01, 1.7867E+01,
13:26:35.14676862, 4.3333E+00, 5.2000E-01, 1.8133E+01,
13:26:35.14676867, 4.3467E+00, 5.4667E-01, 1.8267E+01,
13:26:35.14676872, 4.3467E+00, 5.6000E-01, 1.8533E+01,
13:26:35.14676877, 4.3467E+00, 5.0667E-01, 1.8667E+01,
13:26:35.14676882, 4.3467E+00, 5.4667E-01, 1.8933E+01,
13:26:35.14676887, 4.3467E+00, 5.4667E-01, 1.9067E+01,
13:26:35.14676892, 4.3333E+00, 5.2000E-01, 1.9467E+01,
13:26:35.14676897, 4.3467E+00, 5.2000E-01, 1.9600E+01,
13:26:35.14676902, 4.3067E+00, 5.2000E-01, 1.9867E+01,
13:26:35.14676907, 4.3467E+00, 5.6000E-01, 2.0000E+01,
13:26:35.14676912, 4.3200E+00, 5.2000E-01, 2.0533E+01,
13:26:35.14676917, 4.3467E+00, 4.9333E-01, 2.1067E+01,
13:26:35.14676922, 4.3467E+00, 5.2000E-01, 2.1200E+01,
13:26:35.14676927, 4.3333E+00, 4.9333E-01, 2.1467E+01,
13:26:35.14676932, 4.3733E+00, 4.9333E-01, 2.1200E+01,
13:26:35.14676937, 4.3467E+00, 4.5333E-01, 2.2133E+01,
13:26:35.14676942, 4.3467E+00, 4.6667E-01, 2.1867E+01,
13:26:35.14676947, 4.3467E+00, 4.6667E-01, 2.2400E+01,
13:26:35.14676952, 4.3333E+00, 5.3333E-01, 2.2533E+01,
13:26:35.14676957, 4.3467E+00, 5.0667E-01, 2.2667E+01,
13:26:35.14676962, 4.3600E+00, 4.8000E-01, 2.3200E+01,
13:26:35.14676967, 4.3467E+00, 4.9333E-01, 2.3467E+01,
13:26:35.14676972, 4.3467E+00, 4.8000E-01, 2.3867E+01,
13:26:35.14676977, 4.3733E+00, 4.8000E-01, 2.4000E+01,
13:26:35.14676982, 4.3600E+00, 4.9333E-01, 2.4000E+01,
13:26:35.14676987, 4.3600E+00, 4.8000E-01, 2.4267E+01,
13:26:35.14676992, 4.3600E+00, 4.8000E-01, 2.4400E+01,
13:26:35.14676997, 4.3467E+00, 4.9333E-01, 2.5200E+01,
13:26:35.14677002, 4.3600E+00, 4.8000E-01, 2.5600E+01,
13:26:35.14677007, 4.3333E+00, 4.8000E-01, 2.5733E+01,
13:26:35.14677012, 4.3467E+00, 4.8000E-01, 2.5867E+01,
13:26:35.14677017, 4.3467E+00, 4.6667E-01, 2.6533E+01,
13:26:35.14677022, 4.3467E+00, 4.9333E-01, 2.6133E+01,
13:26:35.14677027, 4.3333E+00, 5.0667E-01, 2.6667E+01,
13:26:35.14677032, 4.3467E+00, 4.9333E-01, 2.6933E+01,
13:26:35.14677037, 4.3600E+00, 4.8000E-01, 2.7200E+01,
13:26:35.14677042, 4.3467E+00, 4.9333E-01, 2.7467E+01,
13:26:35.14677047, 4.3333E+00, 4.9333E-01, 2.7467E+01,
13:26:35.14677052, 4.3467E+00, 4.9333E-01, 2.7733E+01,
13:26:35.14677057, 4.3733E+00, 5.0667E-01, 2.8267E+01,
13:26:35.14677062, 4.3600E+00, 5.0667E-01, 2.8400E+01,
13:26:35.14677067, 4.3333E+00, 5.0667E-01, 2.8667E+01,
13:26:35.14677072, 4.3600E+00, 5.0667E-01, 2.9067E+01,
13:26:35.14677077, 4.3600E+00, 4.8000E-01, 2.9333E+01,
13:26:35.14677082, 4.3467E+00, 4.9333E-01, 2.9467E+01,
13:26:35.14677087, 4.3600E+00, 4.8000E-01, 2.9733E+01,
13:26:35.14677092, 4.3467E+00, 4.8000E-01, 2.9733E+01,
13:26:35.14677097, 4.3200E+00, 4.8000E-01, 3.0400E+01,
13:26:35.14677102, 4.3467E+00, 4.8000E-01, 3.0267E+01,
13:26:35.14677107, 4.3600E+00, 4.8000E-01, 3.0933E+01,
13:26:35.14677112, 4.3333E+00, 4.8000E-01, 3.0933E+01,
13:26:35.14677117, 4.3467E+00, 4.8000E-01, 3.0933E+01,
13:26:35.14677122, 4.3600E+00, 5.0667E-01, 3.1600E+01,
13:26:35.14677127, 4.3733E+00, 5.2000E-01, 3.1600E+01,
13:26:35.14677132, 4.3467E+00, 5.0667E-01, 3.1733E+01,
13:26:35.14677137, 4.3467E+00, 4.9333E-01, 3.2000E+01,
13:26:35.14677142, 4.3733E+00, 5.0667E-01, 3.2400E+01,
13:26:35.14677147, 4.3467E+00, 5.2000E-01, 3.2400E+01,
13:26:35.14677152, 4.3467E+00, 5.0667E-01, 3.2800E+01,
13:26:35.14677157, 4.3867E+00, 5.2000E-01, 3.3067E+01,
13:26:35.14677162, 4.3333E+00, 4.9333E-01, 3.3200E+01,
13:26:35.14677167, 4.3733E+00, 5.2000E-01, 3.3600E+01,
13:26:35.14677172, 4.3733E+00, 5.0667E-01, 3.4000E+01,
13:26:35.14677177, 4.3600E+00, 5.0667E-01, 3.4267E+01,
13:26:35.14677182, 4.3733E+00, 5.0667E-01, 3.4400E+01,
13:26:35.14677187, 4.3467E+00, 5.0667E-01, 3.4133E+01,
13:26:35.14677192, 4.3467E+00, 5.2000E-01, 3.4667E+01,
13:26:35.14677197, 4.3467E+00, 5.2000E-01, 3.5200E+01,
13:26:35.14677202, 4.3467E+00, 4.8000E-01, 3.5067E+01,
13:26:35.14677207, 4.3200E+00, 5.2000E-01, 3.5467E+01,
13:26:35.14677212, 4.3467E+00, 5.3333E-01, 3.5867E+01,
13:26:35.14677217, 4.3467E+00, 5.4667E-01, 3.6267E+01,
13:26:35.14677222, 4.3467E+00, 5.7333E-01, 3.6267E+01,
13:26:35.14677227, 4.3467E+00, 5.3333E-01, 3.6400E+01,
13:26:35.14677232, 4.3333E+00, 5.0667E-01, 3.6533E+01,
13:26:35.14677237, 4.3600E+00, 5.3333E-01, 3.7067E+01,
13:26:35.14677242, 4.3467E+00, 5.6000E-01, 3.7333E+01,
13:26:35.14677247, 4.3067E+00, 5.7333E-01, 3.7600E+01,
13:26:35.14677252, 4.3333E+00, 5.6000E-01, 3.7600E+01,
13:26:35.14677257, 4.3867E+00, 5.4667E-01, 3.8000E+01,
13:26:35.14677262, 4.3467E+00, 5.2000E-01, 3.8133E+01,
13:26:35.14677267, 4.3600E+00, 5.2000E-01, 3.8267E+01,
13:26:35.14677272, 4.3467E+00, 5.6000E-01, 3.8533E+01,
13:26:35.14677277, 4.3600E+00, 5.6000E-01, 3.8933E+01,
13:26:35.14677282, 4.3467E+00, 5.7333E-01, 3.9067E+01,
13:26:35.14677287, 4.3467E+00, 5.6000E-01, 3.9067E+01,
13:26:35.14677292, 4.3333E+00, 5.6000E-01, 3.9067E+01,
13:26:35.14677297, 4.3467E+00, 5.6000E-01, 4.0000E+01,
13:26:35.14677302, 4.3467E+00, 5.8667E-01, 3.9867E+01,
13:26:35.14677307, 4.3600E+00, 5.8667E-01, 4.0267E+01,
13:26:35.14677312, 4.3600E+00, 5.6000E-01, 4.0400E+01,
13:26:35.14677317, 4.3867E+00, 5.7333E-01, 4.0800E+01,
13:26:35.14677322, 4.3333E+00, 5.8667E-01, 4.0667E+01,
13:26:35.14677327, 4.3333E+00, 5.8667E-01, 4.1067E+01,
13:26:35.14677332, 4.3333E+00, 6.0000E-01, 4.1333E+01,
13:26:35.14677337, 4.3467E+00, 6.1333E-01, 4.1467E+01,
13:26:35.14677342, 4.3467E+00, 6.0000E-01, 4.1733E+01,
13:26:35.14677347, 4.3200E+00, 6.0000E-01, 4.1733E+01,
13:26:35.14677352, 4.3467E+00, 5.8667E-01, 4.2000E+01,
13:26:35.14677357, 4.3600E+00, 6.0000E-01, 4.2533E+01,
13:26:35.14677362, 4.3467E+00, 5.8667E-01, 4.2933E+01,
13:26:35.14677367, 4.3467E+00, 5.8667E-01, 4.2800E+01,
13:26:35.14677372, 4.3467E+00, 5.8667E-01, 4.2933E+01,
13:26:35.14677377, 4.3600E+00, 6.1333E-01, 4.3067E+01,
13:26:35.14677382, 4.3467E+00, 6.0000E-01, 4.3600E+01,
13:26:35.14677387, 4.3467E+00, 5.8667E-01, 4.3467E+01,
13:26:35.14677392, 4.3733E+00, 6.1333E-01, 4.3733E+01,
13:26:35.14677397, 4.3600E+00, 6.1333E-01, 4.4133E+01,
13:26:35.14677402, 4.3467E+00, 6.2667E-01, 4.4400E+01,
13:26:35.14677407, 4.3467E+00, 6.1333E-01, 4.4533E+01,
13:26:35.14677412, 4.3333E+00, 6.1333E-01, 4.4667E+01,
13:26:35.14677417, 4.3467E+00, 6.4000E-01, 4.5067E+01,
13:26:35.14677422, 4.3333E+00, 6.1333E-01, 4.5467E+01,
13:26:35.14677427, 4.3467E+00, 6.5333E-01, 4.5067E+01,
13:26:35.14677432, 4.3467E+00, 6.4000E-01, 4.5867E+01,
13:26:35.14677437, 4.3467E+00, 6.4000E-01, 4.5733E+01,
13:26:35.14677442, 4.3467E+00, 6.5333E-01, 4.5867E+01,
13:26:35.14677447, 4.3333E+00, 6.4000E-01, 4.6267E+01,
13:26:35.14677452, 4.3467E+00, 6.4000E-01, 4.6400E+01,
13:26:35.14677457, 4.3600E+00, 6.8000E-01, 4.6667E+01,
13:26:35.14677462, 4.3333E+00, 6.8000E-01, 4.6933E+01,
13:26:35.14677467, 4.3467E+00, 6.6667E-01, 4.6667E+01,
13:26:35.14677472, 4.3467E+00, 6.8000E-01, 4.7067E+01,
13:26:35.14677477, 4.3467E+00, 6.8000E-01, 4.7600E+01,
13:26:35.14677482, 4.3067E+00, 6.6667E-01, 4.7333E+01,
13:26:35.14677487, 4.3467E+00, 6.8000E-01, 4.7867E+01,
13:26:35.14677492, 4.3467E+00, 6.4000E-01, 4.7867E+01,
13:26:35.14677497, 4.3467E+00, 7.0667E-01, 4.8533E+01,
13:26:35.14677502, 4.3333E+00, 6.9333E-01, 4.8667E+01,
13:26:35.14677507, 4.3467E+00, 6.9333E-01, 4.8533E+01,
13:26:35.14677512, 4.3467E+00, 6.6667E-01, 4.9067E+01,
13:26:35.14677517, 4.3733E+00, 7.3333E-01, 4.9067E+01,
13:26:35.14677522, 4.3200E+00, 7.0667E-01, 4.9067E+01,
13:26:35.14677527, 4.3200E+00, 6.9333E-01, 4.9333E+01,
13:26:35.14677532, 4.3467E+00, 7.2000E-01, 4.9600E+01,
13:26:35.14677537, 4.3467E+00, 7.2000E-01, 4.9467E+01,
13:26:35.14677542, 4.3600E+00, 7.2000E-01, 4.9867E+01,
13:26:35.14677547, 4.3467E+00, 6.9333E-01, 5.0000E+01,
13:26:35.14677552, 4.3467E+00, 7.2000E-01, 5.0400E+01,
13:26:35.14677557, 4.3467E+00, 7.3333E-01, 5.0800E+01,
13:26:35.14677562, 4.3467E+00, 7.2000E-01, 5.1067E+01,
13:26:35.14677567, 4.3467E+00, 7.3333E-01, 5.0667E+01,
13:26:35.14677572, 4.3467E+00, 7.3333E-01, 5.0933E+01,
13:26:35.14677577, 4.3200E+00, 7.2000E-01, 5.1333E+01,
13:26:35.14677582, 4.3600E+00, 7.4667E-01, 5.1467E+01,
13:26:35.14677587, 4.3467E+00, 7.4667E-01, 5.1600E+01,
13:26:35.14677592, 4.3200E+00, 7.6000E-01, 5.1867E+01,
13:26:35.14677597, 4.3733E+00, 7.6000E-01, 5.1867E+01,
13:26:35.14677602, 4.3467E+00, 7.4667E-01, 5.2267E+01,
13:26:35.14677607, 4.3467E+00, 7.2000E-01, 5.2533E+01,
13:26:35.14677612, 4.3467E+00, 7.6000E-01, 5.2667E+01,
13:26:35.14677617, 4.3467E+00, 7.4667E-01, 5.2667E+01,
13:26:35.14677622, 4.3333E+00, 7.6000E-01, 5.2800E+01,
13:26:35.14677627, 4.3467E+00, 7.4667E-01, 5.3200E+01,
13:26:35.14677632, 4.3200E+00, 7.7333E-01, 5.3600E+01,
13:26:35.14677637, 4.3333E+00, 7.6000E-01, 5.3733E+01,
13:26:35.14677642, 4.3467E+00, 7.6000E-01, 5.3600E+01,
13:26:35.14677647, 4.3467E+00, 7.4667E-01, 5.4133E+01,
13:26:35.14677652, 4.3600E+00, 7.6000E-01, 5.4133E+01,
13:26:35.14677657, 4.3333E+00, 7.6000E-01, 5.4133E+01,
13:26:35.14677662, 4.3333E+00, 7.7333E-01, 5.4533E+01,
13:26:35.14677667, 4.3467E+00, 7.8667E-01, 5.4533E+01,
13:26:35.14677672, 4.3333E+00, 7.7333E-01, 5.4933E+01,
13:26:35.14677677, 4.3333E+00, 7.8667E-01, 5.4933E+01,
13:26:35.14677682, 4.3333E+00, 8.0000E-01, 5.5200E+01,
13:26:35.14677687, 4.3467E+00, 8.1333E-01, 5.5333E+01,
13:26:35.14677692, 4.3467E+00, 8.0000E-01, 5.5333E+01,
13:26:35.14677697, 4.3467E+00, 8.0000E-01, 5.5733E+01,
13:26:35.14677702, 4.3467E+00, 8.2667E-01, 5.5867E+01,
13:26:35.14677707, 4.3467E+00, 8.0000E-01, 5.6267E+01,
13:26:35.14677712, 4.3467E+00, 8.1333E-01, 5.6133E+01,
13:26:35.14677717, 4.2933E+00, 8.2667E-01, 5.6267E+01,
13:26:35.14677722, 4.3200E+00, 8.4000E-01, 5.6400E+01,
13:26:35.14677727, 4.3200E+00, 8.1333E-01, 5.6533E+01,
13:26:35.14677732, 4.3733E+00, 8.2667E-01, 5.6800E+01,
13:26:35.14677737, 4.3600E+00, 8.4000E-01, 5.6933E+01,
13:26:35.14677742, 4.3333E+00, 8.1333E-01, 5.7200E+01,
13:26:35.14677747, 4.3467E+00, 8.1333E-01, 5.7600E+01,
13:26:35.14677752, 4.3467E+00, 8.4000E-01, 5.7733E+01,
13:26:35.14677757, 4.3067E+00, 8.6667E-01, 5.7867E+01,
13:26:35.14677762, 4.3467E+00, 8.6667E-01, 5.7867E+01,
13:26:35.14677767, 4.3333E+00, 8.6667E-01, 5.8000E+01,
13:26:35.14677772, 4.3333E+00, 8.5333E-01, 5.8133E+01,
13:26:35.14677777, 4.3467E+00, 8.5333E-01, 5.8267E+01,
13:26:35.14677782, 4.3600E+00, 8.9333E-01, 5.8267E+01,
13:26:35.14677787, 4.3333E+00, 8.6667E-01, 5.8533E+01,
13:26:35.14677792, 4.3600E+00, 8.5333E-01, 5.9067E+01,
13:26:35.14677797, 4.3867E+00, 8.6667E-01, 5.9067E+01,
13:26:35.14677802, 4.3733E+00, 8.9333E-01, 5.9200E+01,
13:26:35.14677807, 4.3467E+00, 8.5333E-01, 5.9467E+01,
13:26:35.14677812, 4.3333E+00, 8.8000E-01, 5.9600E+01,
13:26:35.14677817, 4.3467E+00, 8.9333E-01, 5.9467E+01,
13:26:35.14677822, 4.3467E+00, 8.8000E-01, 5.9467E+01,
13:26:35.14677827, 4.3467E+00, 8.9333E-01, 5.9867E+01,
13:26:35.14677832, 4.3467E+00, 8.8000E-01, 5.9867E+01,
13:26:35.14677837, 4.3467E+00, 8.9333E-01, 6.0133E+01,
13:26:35.14677842, 4.3467E+00, 8.9333E-01, 6.0400E+01,
13:26:35.14677847, 4.3467E+00, 8.9333E-01, 6.0533E+01,
13:26:35.14677852, 4.3467E+00, 8.9333E-01, 6.0800E+01,
13:26:35.14677857, 4.3467E+00, 8.9333E-01, 6.0800E+01,
13:26:35.14677862, 4.3200E+00, 8.9333E-01, 6.1067E+01,
13:26:35.14677867, 4.3333E+00, 8.8000E-01, 6.1067E+01,
13:26:35.14677872, 4.3467E+00, 8.9333E-01, 6.1200E+01,
13:26:35.14677877, 4.3333E+00, 9.3333E-01, 6.1467E+01,
13:26:35.14677882, 4.3467E+00, 9.0667E-01, 6.1333E+01,
13:26:35.14677887, 4.3333E+00, 9.2000E-01, 6.2000E+01,
13:26:35.14677892, 4.3333E+00, 9.0667E-01, 6.2267E+01,
13:26:35.14677897, 4.3600E+00, 9.4667E-01, 6.1867E+01,
13:26:35.14677902, 4.3467E+00, 9.4667E-01, 6.2533E+01,
13:26:35.14677907, 4.3467E+00, 9.3333E-01, 6.2267E+01,
13:26:35.14677912, 4.3467E+00, 9.2000E-01, 6.2400E+01,
13:26:35.14677917, 4.3333E+00, 9.7333E-01, 6.2400E+01,
13:26:35.14677922, 4.3600E+00, 9.4667E-01, 6.2800E+01,
13:26:35.14677927, 4.3467E+00, 9.4667E-01, 6.2933E+01,
13:26:35.14677932, 4.3600E+00, 9.6000E-01, 6.2933E+01,
13:26:35.14677937, 4.3733E+00, 9.6000E-01, 6.3467E+01,
13:26:35.14677942, 4.3467E+00, 9.3333E-01, 6.3467E+01,
13:26:35.14677947, 4.3467E+00, 9.6000E-01, 6.3867E+01,
13:26:35.14677952, 4.3467E+00, 9.3333E-01, 6.3733E+01,
13:26:35.14677957, 4.3333E+00, 9.7333E-01, 6.3600E+01,
13:26:35.14677962, 4.3333E+00, 1.0000E+00, 6.4133E+01,
13:26:35.14677967, 4.3200E+00, 9.7333E-01, 6.4133E+01,
13:26:35.14677972, 4.3600E+00, 9.6000E-01, 6.4267E+01,
13:26:35.14677977, 4.3733E+00, 9.6000E-01, 6.4667E+01,
13:26:35.14677982, 4.3333E+00, 9.7333E-01, 6.4400E+01,
13:26:35.14677987, 4.3600E+00, 9.8667E-01, 6.4933E+01,
13:26:35.14677992, 4.3467E+00, 1.0000E+00, 6.4800E+01,
13:26:35.14677997, 4.3467E+00, 9.7333E-01, 6.5067E+01,
13:26:35.14678002, 4.3600E+00, 9.8667E-01, 6.5067E+01,
13:26:35.14678007, 4.3333E+00, 9.8667E-01, 6.5067E+01,
13:26:35.14678012, 4.3333E+00, 9.7333E-01, 6.5067E+01,
13:26:35.14678017, 4.3200E+00, 9.7333E-01, 6.5600E+01,
13:26:35.14678022, 4.3467E+00, 9.8667E-01, 6.5600E+01,
13:26:35.14678027, 4.3467E+00, 9.8667E-01, 6.5600E+01,
13:26:35.14678032, 4.3600E+00, 1.0133E+00, 6.6267E+01,
13:26:35.14678037, 4.3467E+00, 1.0400E+00, 6.6267E+01,
13:26:35.14678042, 4.3467E+00, 1.0000E+00, 6.6400E+01,
13:26:35.14678047, 4.3467E+00, 1.0000E+00, 6.6400E+01,
13:26:35.14678052, 4.3333E+00, 1.0267E+00, 6.6400E+01,
13:26:35.14678057, 4.3200E+00, 1.0267E+00, 6.6667E+01,
13:26:35.14678062, 4.3467E+00, 1.0000E+00, 6.6400E+01,
13:26:35.14678067, 4.3467E+00, 1.0267E+00, 6.6800E+01,
13:26:35.14678072, 4.3600E+00, 1.0133E+00, 6.6800E+01,
13:26:35.14678077, 4.3600E+00, 1.0267E+00, 6.7067E+01,
13:26:35.14678082, 4.3333E+00, 1.0267E+00, 6.7467E+01,
13:26:35.14678087, 4.3600E+00, 1.0267E+00, 6.7333E+01,
13:26:35.14678092, 4.3733E+00, 1.0267E+00, 6.7600E+01,
13:26:35.14678097, 4.3467E+00, 1.0667E+00, 6.7733E+01,
13:26:35.14678102, 4.3600E+00, 1.0533E+00, 6.7600E+01,
13:26:35.14678107, 4.3467E+00, 1.0400E+00, 6.8000E+01,
13:26:35.14678112, 4.3200E+00, 1.0267E+00, 6.8133E+01,
13:26:35.14678117, 4.3467E+00, 1.0667E+00, 6.8000E+01,
13:26:35.14678122, 4.3467E+00, 1.0400E+00, 6.8267E+01,
13:26:35.14678127, 4.3600E+00, 1.0533E+00, 6.8267E+01,
13:26:35.14678132, 4.3467E+00, 1.0667E+00, 6.8400E+01,
13:26:35.14678137, 4.3467E+00, 1.0667E+00, 6.8800E+01,
13:26:35.14678142, 4.3333E+00, 1.0667E+00, 6.8800E+01,
13:26:35.14678147, 4.3467E+00, 1.0667E+00, 6.8933E+01,
13:26:35.14678152, 4.3067E+00, 1.0667E+00, 6.8933E+01,
13:26:35.14678157, 4.3467E+00, 1.0667E+00, 6.8933E+01,
13:26:35.14678162, 4.3467E+00, 1.0933E+00, 6.9333E+01,
13:26:35.14678167, 4.3600E+00, 1.0533E+00, 6.9200E+01,
13:26:35.14678172, 4.3333E+00, 1.0667E+00, 6.9467E+01,
13:26:35.14678177, 4.3467E+00, 1.0933E+00, 6.9600E+01,
13:26:35.14678182, 4.3733E+00, 1.0933E+00, 6.9733E+01,
13:26:35.14678187, 4.3600E+00, 1.0667E+00, 6.9867E+01,
13:26:35.14678192, 4.3467E+00, 1.0933E+00, 7.0000E+01,
13:26:35.14678197, 4.3333E+00, 1.1200E+00, 7.0133E+01,
13:26:35.14678202, 4.3333E+00, 1.0933E+00, 7.0133E+01,
13:26:35.14678207, 4.3600E+00, 1.1067E+00, 7.0533E+01,
13:26:35.14678212, 4.3467E+00, 1.1067E+00, 7.0400E+01,
13:26:35.14678217, 4.3467E+00, 1.1067E+00, 7.0533E+01,
13:26:35.14678222, 4.3333E+00, 1.0933E+00, 7.0533E+01,
13:26:35.14678227, 4.3600E+00, 1.1200E+00, 7.0800E+01,
13:26:35.14678232, 4.3467E+00, 1.0933E+00, 7.0933E+01,
13:26:35.14678237, 4.3600E+00, 1.1333E+00, 7.1067E+01,
13:26:35.14678242, 4.3333E+00, 1.1067E+00, 7.0933E+01,
13:26:35.14678247, 4.3333E+00, 1.1067E+00, 7.1333E+01,
13:26:35.14678252, 4.3467E+00, 1.1467E+00, 7.1200E+01,
13:26:35.14678257, 4.3333E+00, 1.1467E+00, 7.1600E+01,
13:26:35.14678262, 4.3467E+00, 1.1467E+00, 7.1467E+01,
13:26:35.14678267, 4.3333E+00, 1.1333E+00, 7.1600E+01,
13:26:35.14678272, 4.3467E+00, 1.1467E+00, 7.1600E+01,
13:26:35.14678277, 4.3467E+00, 1.1333E+00, 7.1867E+01,
13:26:35.14678282, 4.3600E+00, 1.1600E+00, 7.2000E+01,
13:26:35.14678287, 4.3467E+00, 1.1333E+00, 7.2400E+01,
13:26:35.14678292, 4.3467E+00, 1.1200E+00, 7.2267E+01,
13:26:35.14678297, 4.3467E+00, 1.1600E+00, 7.2267E+01,
13:26:35.14678302, 4.3333E+00, 1.1333E+00, 7.2267E+01,
13:26:35.14678307, 4.3467E+00, 1.1733E+00, 7.2667E+01,
13:26:35.14678312, 4.3200E+00, 1.1733E+00, 7.2533E+01,
13:26:35.14678317, 4.3467E+00, 1.1600E+00, 7.2533E+01,
13:26:35.14678322, 4.3467E+00, 1.1600E+00, 7.2933E+01,
13:26:35.14678327, 4.3333E+00, 1.1733E+00, 7.2933E+01,
13:26:35.14678332, 4.3467E+00, 1.1600E+00, 7.3200E+01,
13:26:35.14678337, 4.3467E+00, 1.1600E+00, 7.3200E+01,
13:26:35.14678342, 4.3467E+00, 1.1733E+00, 7.3333E+01,
13:26:35.14678347, 4.3067E+00, 1.1733E+00, 7.3333E+01,
13:26:35.14678352, 4.3200E+00, 1.1733E+00, 7.3467E+01,
13:26:35.14678357, 4.3467E+00, 1.1733E+00, 7.3333E+01,
13:26:35.14678362, 4.3600E+00, 1.1600E+00, 7.3600E+01,
13:26:35.14678367, 4.3733E+00, 1.1867E+00, 7.4133E+01,
13:26:35.14678372, 4.3467E+00, 1.2000E+00, 7.3867E+01,
13:26:35.14678377, 4.3733E+00, 1.1867E+00, 7.4133E+01,
13:26:35.14678382, 4.3467E+00, 1.1733E+00, 7.4400E+01,
13:26:35.14678387, 4.3467E+00, 1.1600E+00, 7.4267E+01,
13:26:35.14678392, 4.3333E+00, 1.2000E+00, 7.4400E+01,
13:26:35.14678397, 4.3467E+00, 1.1867E+00, 7.4667E+01,
13:26:35.14678402, 4.3467E+00, 1.1733E+00, 7.4267E+01,
13:26:35.14678407, 4.3467E+00, 1.2000E+00, 7.4667E+01,
13:26:35.14678412, 4.3600E+00, 1.1867E+00, 7.4667E+01,
13:26:35.14678417, 4.3467E+00, 1.1733E+00, 7.4933E+01,
13:26:35.14678422, 4.3467E+00, 1.1867E+00, 7.4933E+01,
13:26:35.14678427, 4.3467E+00, 1.1867E+00, 7.4667E+01,
13:26:35.14678432, 4.3600E+00, 1.2000E+00, 7.5467E+01,
13:26:35.14678437, 4.3467E+00, 1.1867E+00, 7.5467E+01,
13:26:35.14678442, 4.3467E+00, 1.1867E+00, 7.5333E+01,
13:26:35.14678447, 4.3467E+00, 1.2000E+00, 7.5333E+01,
13:26:35.14678452, 4.3200E+00, 1.2133E+00, 7.5467E+01,
13:26:35.14678457, 4.3867E+00, 1.2133E+00, 7.5867E+01,
13:26:35.14678462, 4.3467E+00, 1.2133E+00, 7.5600E+01,
13:26:35.14678467, 4.3467E+00, 1.2267E+00, 7.5867E+01,
13:26:35.14678472, 4.3467E+00, 1.1867E+00, 7.6000E+01,
13:26:35.14678477, 4.3467E+00, 1.2133E+00, 7.6000E+01,
13:26:35.14678482, 4.3467E+00, 1.2267E+00, 7.6000E+01,
13:26:35.14678487, 4.3333E+00, 1.2400E+00, 7.6533E+01,
13:26:35.14678492, 4.3333E+00, 1.2133E+00, 7.6000E+01,
13:26:35.14678497, 4.3733E+00, 1.2400E+00, 7.6133E+01,
13:26:35.14678502, 4.3467E+00, 1.2533E+00, 7.6400E+01,
13:26:35.14678507, 4.3467E+00, 1.2667E+00, 7.6533E+01,
13:26:35.14678512, 4.3467E+00, 1.2400E+00, 7.6667E+01,
13:26:35.14678517, 4.3600E+00, 1.2533E+00, 7.6800E+01,
13:26:35.14678522, 4.3867E+00, 1.2533E+00, 7.6800E+01,
13:26:35.14678527, 4.3467E+00, 1.2267E+00, 7.7200E+01,
13:26:35.14678532, 4.3333E+00, 1.2667E+00, 7.6933E+01,
13:26:35.14678537, 4.3467E+00, 1.2800E+00, 7.7333E+01,
13:26:35.14678542, 4.3333E+00, 1.2800E+00, 7.7333E+01,
13:26:35.14678547, 4.3467E+00, 1.2667E+00, 7.6933E+01,
13:26:35.14678552, 4.3467E+00, 1.2533E+00, 7.7333E+01,
13:26:35.14678557, 4.3467E+00, 1.2400E+00, 7.7467E+01,
13:26:35.14678562, 4.3333E+00, 1.2533E+00, 7.7333E+01,
13:26:35.14678567, 4.3467E+00, 1.2533E+00, 7.7333E+01,
13:26:35.14678572, 4.3200E+00, 1.2800E+00, 7.7733E+01,
13:26:35.14678577, 4.3600E+00, 1.2933E+00, 7.7467E+01,
13:26:35.14678582, 4.3333E+00, 1.2933E+00, 7.8000E+01,
13:26:35.14678587, 4.3333E+00, 1.2933E+00, 7.8000E+01,
13:26:35.14678592, 4.3467E+00, 1.2800E+00, 7.8000E+01,
13:26:35.14678597, 4.3467E+00, 1.2800E+00, 7.7733E+01,
13:26:35.14678602, 4.3333E+00, 1.2400E+00, 7.8133E+01,
13:26:35.14678607, 4.3733E+00, 1.2933E+00, 7.8133E+01,
13:26:35.14678612, 4.3600E+00, 1.2533E+00, 7.8133E+01,
13:26:35.14678617, 4.3600E+00, 1.2933E+00, 7.8000E+01,
13:26:35.14678622, 4.3467E+00, 1.3200E+00, 7.8400E+01,
13:26:35.14678627, 4.3467E+00, 1.2933E+00, 7.8667E+01,
13:26:35.14678632, 4.3467E+00, 1.3067E+00, 7.8667E+01,
13:26:35.14678637, 4.3467E+00, 1.2933E+00, 7.8667E+01,
13:26:35.14678642, 4.3467E+00, 1.2800E+00, 7.8667E+01,
13:26:35.14678647, 4.3467E+00, 1.2800E+00, 7.8933E+01,
13:26:35.14678652, 4.3467E+00, 1.3333E+00, 7.9067E+01,
13:26:35.14678657, 4.3467E+00, 1.2933E+00, 7.8667E+01,
13:26:35.14678662, 4.3467E+00, 1.3200E+00, 7.9067E+01,
13:26:35.14678667, 4.3467E+00, 1.3067E+00, 7.9200E+01,
13:26:35.14678672, 4.3200E+00, 1.2800E+00, 7.9467E+01,
13:26:35.14678677, 4.3467E+00, 1.3067E+00, 7.9333E+01,
13:26:35.14678682, 4.3333E+00, 1.3067E+00, 7.9600E+01,
13:26:35.14678687, 4.3467E+00, 1.3067E+00, 7.9333E+01,
13:26:35.14678692, 4.3467E+00, 1.3200E+00, 7.9200E+01,
13:26:35.14678697, 4.3467E+00, 1.3200E+00, 7.9867E+01,
13:26:35.14678702, 4.3467E+00, 1.3200E+00, 8.0000E+01,
13:26:35.14678707, 4.3733E+00, 1.3200E+00, 7.9733E+01,
13:26:35.14678712, 4.3467E+00, 1.2933E+00, 7.9733E+01,
13:26:35.14678717, 4.3467E+00, 1.3333E+00, 8.0133E+01,
13:26:35.14678722, 4.3467E+00, 1.3200E+00, 8.0133E+01,
13:26:35.14678727, 4.3333E+00, 1.3467E+00, 8.0133E+01,
13:26:35.14678732, 4.3467E+00, 1.3333E+00, 8.0000E+01,
13:26:35.14678737, 4.3600E+00, 1.3467E+00, 8.0000E+01,
13:26:35.14678742, 4.3333E+00, 1.3467E+00, 8.0400E+01,
13:26:35.14678747, 4.3600E+00, 1.3600E+00, 8.0267E+01,
13:26:35.14678752, 4.3600E+00, 1.3600E+00, 8.0533E+01,
13:26:35.14678757, 4.3467E+00, 1.3200E+00, 8.0667E+01,
13:26:35.14678762, 4.3600E+00, 1.3600E+00, 8.0667E+01,
13:26:35.14678767, 4.3333E+00, 1.3333E+00, 8.0533E+01,
13:26:35.14678772, 4.3467E+00, 1.3333E+00, 8.0933E+01,
13:26:35.14678777, 4.3333E+00, 1.3200E+00, 8.0800E+01,
13:26:35.14678782, 4.3467E+00, 1.3333E+00, 8.0933E+01,
13:26:35.14678787, 4.3467E+00, 1.3467E+00, 8.1200E+01,
13:26:35.14678792, 4.3467E+00, 1.3733E+00, 8.0667E+01,
13:26:35.14678797, 4.3467E+00, 1.3333E+00, 8.0933E+01,
13:26:35.14678802, 4.3600E+00, 1.3333E+00, 8.1200E+01,
13:26:35.14678807, 4.3600E+00, 1.3600E+00, 8.1200E+01,
13:26:35.14678812, 4.3600E+00, 1.3333E+00, 8.1200E+01,
13:26:35.14678817, 4.3467E+00, 1.3600E+00, 8.1733E+01,
13:26:35.14678822, 4.3467E+00, 1.3733E+00, 8.1467E+01,
13:26:35.14678827, 4.3200E+00, 1.3733E+00, 8.1467E+01,
13:26:35.14678832, 4.3333E+00, 1.3600E+00, 8.1467E+01,
13:26:35.14678837, 4.3467E+00, 1.3867E+00, 8.1733E+01,
13:26:35.14678842, 4.3467E+00, 1.3467E+00, 8.1600E+01,
13:26:35.14678847, 4.3733E+00, 1.3600E+00, 8.1600E+01,
13:26:35.14678852, 4.3333E+00, 1.3867E+00, 8.1867E+01,
13:26:35.14678857, 4.3733E+00, 1.4133E+00, 8.1867E+01,
13:26:35.14678862, 4.3867E+00, 1.3733E+00, 8.2000E+01,
13:26:35.14678867, 4.3467E+00, 1.3600E+00, 8.2400E+01,
13:26:35.14678872, 4.3467E+00, 1.3733E+00, 8.2133E+01,
13:26:35.14678877, 4.3467E+00, 1.3867E+00, 8.2533E+01,
13:26:35.14678882, 4.3600E+00, 1.3867E+00, 8.2400E+01,
13:26:35.14678887, 4.3467E+00, 1.3867E+00, 8.2400E+01,
13:26:35.14678892, 4.3467E+00, 1.3733E+00, 8.2400E+01,
13:26:35.14678897, 4.3467E+00, 1.3733E+00, 8.2400E+01,
13:26:35.14678902, 4.3467E+00, 1.4000E+00, 8.2533E+01,
13:26:35.14678907, 4.3333E+00, 1.4000E+00, 8.2800E+01,
13:26:35.14678912, 4.3600E+00, 1.4133E+00, 8.2933E+01,
13:26:35.14678917, 4.3200E+00, 1.4267E+00, 8.2667E+01,
13:26:35.14678922, 4.2933E+00, 1.3867E+00, 8.2933E+01,
13:26:35.14678927, 4.3467E+00, 1.4267E+00, 8.2933E+01,
13:26:35.14678932, 4.3200E+00, 1.4133E+00, 8.2667E+01,
13:26:35.14678937, 4.3467E+00, 1.3867E+00, 8.3333E+01,
13:26:35.14678942, 4.3600E+00, 1.4267E+00, 8.2800E+01,
13:26:35.14678947, 4.3467E+00, 1.4000E+00, 8.2933E+01,
13:26:35.14678952, 4.3600E+00, 1.4133E+00, 8.3733E+01,
13:26:35.14678957, 4.3467E+00, 1.4133E+00, 8.3067E+01,
13:26:35.14678962, 4.3467E+00, 1.4267E+00, 8.3333E+01,
13:26:35.14678967, 4.3200E+00, 1.4133E+00, 8.3733E+01,
13:26:35.14678972, 4.3200E+00, 1.4133E+00, 8.3733E+01,
13:26:35.14678977, 4.3600E+00, 1.4267E+00, 8.3467E+01,
13:26:35.14678982, 4.3733E+00, 1.4267E+00, 8.3333E+01,
13:26:35.14678987, 4.3467E+00, 1.4133E+00, 8.3467E+01,
13:26:35.14678992, 4.3333E+00, 1.4267E+00, 8.3867E+01,
13:26:35.14678997, 4.3333E+00, 1.4267E+00, 8.3867E+01,
13:26:35.14679002, 4.3333E+00, 1.4000E+00, 8.3600E+01,
13:26:35.14679007, 4.3467E+00, 1.4133E+00, 8.3600E+01,
13:26:35.14679012, 4.3467E+00, 1.4133E+00, 8.3867E+01,
13:26:35.14679017, 4.3733E+00, 1.4267E+00, 8.3600E+01,
13:26:35.14679022, 4.3333E+00, 1.4133E+00, 8.4000E+01,
13:26:35.14679027, 4.3467E+00, 1.4533E+00, 8.4133E+01,
13:26:35.14679032, 4.3467E+00, 1.4267E+00, 8.4133E+01,
13:26:35.14679037, 4.3467E+00, 1.4267E+00, 8.4133E+01,
13:26:35.14679042, 4.3467E+00, 1.4667E+00, 8.4000E+01,
13:26:35.14679047, 4.3600E+00, 1.4533E+00, 8.4133E+01,
13:26:35.14679052, 4.3600E+00, 1.4533E+00, 8.4133E+01,
13:26:35.14679057, 4.3467E+00, 1.4667E+00, 8.4400E+01,
13:26:35.14679062, 4.3467E+00, 1.4533E+00, 8.4400E+01,
13:26:35.14679067, 4.3333E+00, 1.4267E+00, 8.4267E+01,
13:26:35.14679072, 4.3467E+00, 1.4400E+00, 8.4533E+01,
13:26:35.14679077, 4.3467E+00, 1.4533E+00, 8.4667E+01,
13:26:35.14679082, 4.3467E+00, 1.4800E+00, 8.4933E+01,
13:26:35.14679087, 4.3467E+00, 1.4667E+00, 8.4667E+01,
13:26:35.14679092, 4.3733E+00, 1.4400E+00, 8.4533E+01,
13:26:35.14679097, 4.3733E+00, 1.4400E+00, 8.4933E+01,
13:26:35.14679102, 4.3467E+00, 1.4800E+00, 8.4667E+01,
13:26:35.14679107, 4.3467E+00, 1.4533E+00, 8.5200E+01,
13:26:35.14679112, 4.3467E+00, 1.4400E+00, 8.5600E+01,
13:26:35.14679117, 4.3333E+00, 1.4667E+00, 8.5200E+01,
13:26:35.14679122, 4.3467E+00, 1.4533E+00, 8.5333E+01,
13:26:35.14679127, 4.3467E+00, 1.4933E+00, 8.5200E+01,
13:26:35.14679132, 4.3600E+00, 1.4667E+00, 8.5067E+01,
13:26:35.14679137, 4.3467E+00, 1.4533E+00, 8.5333E+01,
13:26:35.14679142, 4.3600E+00, 1.4400E+00, 8.5333E+01,
13:26:35.14679147, 4.3333E+00, 1.4933E+00, 8.5600E+01,
13:26:35.14679152, 4.3467E+00, 1.4800E+00, 8.5467E+01,
13:26:35.14679157, 4.3467E+00, 1.4933E+00, 8.5467E+01,
13:26:35.14679162, 4.3467E+00, 1.4933E+00, 8.5733E+01,
13:26:35.14679167, 4.3333E+00, 1.4933E+00, 8.5600E+01,
13:26:35.14679172, 4.3467E+00, 1.5067E+00, 8.5600E+01,
13:26:35.14679177, 4.3467E+00, 1.5067E+00, 8.5733E+01,
13:26:35.14679182, 4.3467E+00, 1.4933E+00, 8.5600E+01,
13:26:35.14679187, 4.3467E+00, 1.4533E+00, 8.5600E+01,
13:26:35.14679192, 4.3467E+00, 1.4667E+00, 8.5600E+01,
13:26:35.14679197, 4.3600E+00, 1.4533E+00, 8.5733E+01,
13:26:35.14679202, 4.3600E+00, 1.4933E+00, 8.5733E+01,
13:26:35.14679207, 4.3467E+00, 1.4800E+00, 8.5867E+01,
13:26:35.14679212, 4.3867E+00, 1.4933E+00, 8.6267E+01,
13:26:35.14679217, 4.3600E+00, 1.5067E+00, 8.6000E+01,
13:26:35.14679222, 4.3467E+00, 1.4933E+00, 8.6267E+01,
13:26:35.14679227, 4.3600E+00, 1.4800E+00, 8.6133E+01,
13:26:35.14679232, 4.3733E+00, 1.4933E+00, 8.6133E+01,
13:26:35.14679237, 4.3467E+00, 1.4667E+00, 8.6400E+01,
13:26:35.14679242, 4.3467E+00, 1.5067E+00, 8.6267E+01,
13:26:35.14679247, 4.3467E+00, 1.4933E+00, 8.6133E+01,
13:26:35.14679252, 4.3333E+00, 1.4933E+00, 8.6667E+01,
13:26:35.14679257, 4.3467E+00, 1.5200E+00, 8.6533E+01,
13:26:35.14679262, 4.3467E+00, 1.4933E+00, 8.6400E+01,
13:26:35.14679267, 4.3467E+00, 1.5600E+00, 8.6533E+01,
13:26:35.14679272, 4.3333E+00, 1.5200E+00, 8.6400E+01,
13:26:35.14679277, 4.3467E+00, 1.4933E+00, 8.6533E+01,
13:26:35.14679282, 4.3867E+00, 1.5200E+00, 8.6533E+01,
13:26:35.14679287, 4.3467E+00, 1.5067E+00, 8.6667E+01,
13:26:35.14679292, 4.3733E+00, 1.5200E+00, 8.6800E+01,
13:26:35.14679297, 4.3600E+00, 1.5333E+00, 8.6800E+01,
13:26:35.14679302, 4.3467E+00, 1.5467E+00, 8.6800E+01,
13:26:35.14679307, 4.3467E+00, 1.5333E+00, 8.6933E+01,
13:26:35.14679312, 4.3333E+00, 1.4800E+00, 8.6933E+01,
13:26:35.14679317, 4.3467E+00, 1.5200E+00, 8.6800E+01,
13:26:35.14679322, 4.3467E+00, 1.5333E+00, 8.6800E+01,
13:26:35.14679327, 4.3467E+00, 1.5467E+00, 8.7067E+01,
13:26:35.14679332, 4.3600E+00, 1.5200E+00, 8.6933E+01,
13:26:35.14679337, 4.3467E+00, 1.5333E+00, 8.7200E+01,
13:26:35.14679342, 4.3333E+00, 1.5467E+00, 8.7067E+01,
13:26:35.14679347, 4.3467E+00, 1.5333E+00, 8.7200E+01,
13:26:35.14679352, 4.3333E+00, 1.5600E+00, 8.7600E+01,
13:26:35.14679357, 4.3333E+00, 1.5200E+00, 8.7200E+01,
13:26:35.14679362, 4.3467E+00, 1.5600E+00, 8.7067E+01,
13:26:35.14679367, 4.3333E+00, 1.5333E+00, 8.7467E+01,
13:26:35.14679372, 4.3467E+00, 1.5200E+00, 8.7600E+01,
13:26:35.14679377, 4.3733E+00, 1.5333E+00, 8.7333E+01,
13:26:35.14679382, 4.3467E+00, 1.5200E+00, 8.7600E+01,
13:26:35.14679387, 4.3600E+00, 1.5467E+00, 8.7333E+01,
13:26:35.14679392, 4.3467E+00, 1.5200E+00, 8.7467E+01,
13:26:35.14679397, 4.3333E+00, 1.5600E+00, 8.7600E+01,
13:26:35.14679402, 4.3600E+00, 1.5600E+00, 8.7733E+01,
13:26:35.14679407, 4.3600E+00, 1.5600E+00, 8.7867E+01,
13:26:35.14679412, 4.3600E+00, 1.5333E+00, 8.7733E+01,
13:26:35.14679417, 4.3467E+00, 1.5333E+00, 8.7867E+01,
13:26:35.14679422, 4.3467E+00, 1.5333E+00, 8.7600E+01,
13:26:35.14679427, 4.3733E+00, 1.5200E+00, 8.7600E+01,
13:26:35.14679432, 4.3600E+00, 1.5333E+00, 8.7867E+01,
13:26:35.14679437, 4.3600E+00, 1.5600E+00, 8.8000E+01,
13:26:35.14679442, 4.3333E+00, 1.5467E+00, 8.8267E+01,
13:26:35.14679447, 4.3467E+00, 1.5600E+00, 8.7867E+01,
13:26:35.14679452, 4.3467E+00, 1.5467E+00, 8.8267E+01,
13:26:35.14679457, 4.3733E+00, 1.5600E+00, 8.8000E+01,
13:26:35.14679462, 4.3467E+00, 1.5600E+00, 8.8267E+01,
13:26:35.14679467, 4.3333E+00, 1.5333E+00, 8.8133E+01,
13:26:35.14679472, 4.3333E+00, 1.5733E+00, 8.8133E+01,
13:26:35.14679477, 4.3467E+00, 1.5600E+00, 8.8000E+01,
13:26:35.14679482, 4.3333E+00, 1.5467E+00, 8.8267E+01,
13:26:35.14679487, 4.3200E+00, 1.5467E+00, 8.8267E+01,
13:26:35.14679492, 4.3467E+00, 1.5467E+00, 8.8533E+01,
13:26:35.14679497, 4.3333E+00, 1.5733E+00, 8.8400E+01,
13:26:35.14679502, 4.3333E+00, 1.5600E+00, 8.8267E+01,
13:26:35.14679507, 4.3600E+00, 1.5467E+00, 8.8533E+01,
13:26:35.14679512, 4.3467E+00, 1.5733E+00, 8.8267E+01,
13:26:35.14679517, 4.3600E+00, 1.5467E+00, 8.8400E+01,
13:26:35.14679522, 4.3867E+00, 1.5467E+00, 8.8533E+01,
13:26:35.14679527, 4.3733E+00, 1.5600E+00, 8.8533E+01,
13:26:35.14679532, 4.3467E+00, 1.5733E+00, 8.8667E+01,
13:26:35.14679537, 4.3333E+00, 1.6000E+00, 8.8800E+01,
13:26:35.14679542, 4.3467E+00, 1.5733E+00, 8.8400E+01,
13:26:35.14679547, 4.3200E+00, 1.5867E+00, 8.8800E+01,
13:26:35.14679552, 4.3467E+00, 1.5867E+00, 8.8800E+01,
13:26:35.14679557, 4.3600E+00, 1.5867E+00, 8.8667E+01,
13:26:35.14679562, 4.3600E+00, 1.5733E+00, 8.8667E+01,
13:26:35.14679567, 4.3467E+00, 1.6000E+00, 8.8800E+01,
13:26:35.14679572, 4.3733E+00, 1.5733E+00, 8.9067E+01,
13:26:35.14679577, 4.3600E+00, 1.5733E+00, 8.8933E+01,
13:26:35.14679582, 4.3467E+00, 1.5867E+00, 8.8800E+01,
13:26:35.14679587, 4.3333E+00, 1.5733E+00, 8.8667E+01,
13:26:35.14679592, 4.3467E+00, 1.5733E+00, 8.9067E+01,
13:26:35.14679597, 4.3467E+00, 1.5867E+00, 8.8800E+01,
13:26:35.14679602, 4.3600E+00, 1.5733E+00, 8.8800E+01,
13:26:35.14679607, 4.3600E+00, 1.5467E+00, 8.9200E+01,
13:26:35.14679612, 4.3467E+00, 1.5733E+00, 8.9067E+01,
13:26:35.14679617, 4.3467E+00, 1.6267E+00, 8.9200E+01,
13:26:35.14679622, 4.3600E+00, 1.6000E+00, 8.8933E+01,
13:26:35.14679627, 4.3467E+00, 1.5867E+00, 8.9333E+01,
13:26:35.14679632, 4.3600E+00, 1.5733E+00, 8.9333E+01,
13:26:35.14679637, 4.3467E+00, 1.6000E+00, 8.9333E+01,
13:26:35.14679642, 4.3467E+00, 1.6133E+00, 8.9600E+01,
13:26:35.14679647, 4.3467E+00, 1.6000E+00, 8.9200E+01,
13:26:35.14679652, 4.3467E+00, 1.5733E+00, 8.9600E+01,
13:26:35.14679657, 4.3467E+00, 1.5867E+00, 8.9600E+01,
13:26:35.14679662, 4.3467E+00, 1.6000E+00, 8.9333E+01,
13:26:35.14679667, 4.3467E+00, 1.5733E+00, 8.9200E+01,
13:26:35.14679672, 4.3600E+00, 1.5867E+00, 8.9333E+01,
13:26:35.14679677, 4.3200E+00, 1.5867E+00, 8.9200E+01,
13:26:35.14679682, 4.3467E+00, 1.6133E+00, 8.9733E+01,
13:26:35.14679687, 4.3467E+00, 1.6000E+00, 8.9600E+01,
13:26:35.14679692, 4.3333E+00, 1.5733E+00, 8.9733E+01,
13:26:35.14679697, 4.3467E+00, 1.6000E+00, 8.9733E+01,
13:26:35.14679702, 4.3200E+00, 1.6000E+00, 8.9733E+01,
13:26:35.14679707, 4.3600E+00, 1.6400E+00, 8.9467E+01,
13:26:35.14679712, 4.3600E+00, 1.5867E+00, 8.9733E+01,
13:26:35.14679717, 4.3467E+00, 1.6267E+00, 8.9867E+01,
13:26:35.14679722, 4.3733E+00, 1.5867E+00, 8.9600E+01,
13:26:35.14679727, 4.3467E+00, 1.6133E+00, 8.9867E+01,
13:26:35.14679732, 4.3467E+00, 1.5867E+00, 8.9867E+01,
13:26:35.14679737, 4.3733E+00, 1.6400E+00, 8.9733E+01,
13:26:35.14679742, 4.3467E+00, 1.6400E+00, 9.0000E+01,
13:26:35.14679747, 4.3600E+00, 1.6133E+00, 9.0000E+01,
13:26:35.14679752, 4.3467E+00, 1.6133E+00, 8.9867E+01,
13:26:35.14679757, 4.3467E+00, 1.6000E+00, 8.9733E+01,
13:26:35.14679762, 4.3600E+00, 1.6667E+00, 8.9733E+01,
13:26:35.14679767, 4.3867E+00, 1.5867E+00, 8.9600E+01,
13:26:35.14679772, 4.3733E+00, 1.6267E+00, 8.9733E+01,
13:26:35.14679777, 4.3467E+00, 1.6133E+00, 9.0133E+01,
13:26:35.14679782, 4.3333E+00, 1.6533E+00, 9.0267E+01,
13:26:35.14679787, 4.3467E+00, 1.6267E+00, 9.0000E+01,
13:26:35.14679792, 4.3600E+00, 1.6267E+00, 8.9733E+01,
13:26:35.14679797, 4.3467E+00, 1.6533E+00, 9.0267E+01,
13:26:35.14679802, 4.3467E+00, 1.6000E+00, 9.0267E+01,
13:26:35.14679807, 4.3467E+00, 1.6400E+00, 9.0133E+01,
13:26:35.14679812, 4.3467E+00, 1.6533E+00, 9.0400E+01,
13:26:35.14679817, 4.3467E+00, 1.6533E+00, 9.0000E+01,
13:26:35.14679822, 4.3600E+00, 1.6133E+00, 9.0267E+01,
13:26:35.14679827, 4.3467E+00, 1.6133E+00, 9.0533E+01,
13:26:35.14679832, 4.3200E+00, 1.6133E+00, 9.0267E+01,
13:26:35.14679837, 4.3467E+00, 1.6133E+00, 9.0533E+01,
13:26:35.14679842, 4.3600E+00, 1.6400E+00, 9.0533E+01,
13:26:35.14679847, 4.3600E+00, 1.6133E+00, 9.0533E+01,
13:26:35.14679852, 4.3867E+00, 1.6267E+00, 9.0400E+01,
13:26:35.14679857, 4.3467E+00, 1.6400E+00, 9.0133E+01,
13:26:35.14679862, 4.3467E+00, 1.6400E+00, 9.0400E+01,
13:26:35.14679867, 4.3467E+00, 1.6533E+00, 9.0667E+01,
13:26:35.14679872, 4.3467E+00, 1.6533E+00, 9.0400E+01,
13:26:35.14679877, 4.3333E+00, 1.6667E+00, 9.0400E+01,
13:26:35.14679882, 4.3733E+00, 1.6133E+00, 9.0667E+01,
13:26:35.14679887, 4.3467E+00, 1.6400E+00, 9.0400E+01,
13:26:35.14679892, 4.3467E+00, 1.6533E+00, 9.0800E+01,
13:26:35.14679897, 4.3467E+00, 1.6400E+00, 9.0800E+01,
13:26:35.14679902, 4.3467E+00, 1.6400E+00, 9.0667E+01,
13:26:35.14679907, 4.3600E+00, 1.6400E+00, 9.0667E+01,
13:26:35.14679912, 4.3733E+00, 1.6667E+00, 9.0667E+01,
13:26:35.14679917, 4.3467E+00, 1.6533E+00, 9.0667E+01,
13:26:35.14679922, 4.3467E+00, 1.6400E+00, 9.0800E+01,
13:26:35.14679927, 4.3467E+00, 1.6400E+00, 9.0933E+01,
13:26:35.14679932, 4.3733E+00, 1.6667E+00, 9.0800E+01,
13:26:35.14679937, 4.3467E+00, 1.6533E+00, 9.1067E+01,
13:26:35.14679942, 4.3467E+00, 1.6267E+00, 9.0800E+01,
13:26:35.14679947, 4.3467E+00, 1.6533E+00, 9.0800E+01,
13:26:35.14679952, 4.3867E+00, 1.6533E+00, 9.0667E+01,
13:26:35.14679957, 4.3467E+00, 1.6533E+00, 9.0533E+01,
13:26:35.14679962, 4.3333E+00, 1.6267E+00, 9.1067E+01,
13:26:35.14679967, 4.3467E+00, 1.6667E+00, 9.0800E+01,
13:26:35.14679972, 4.3333E+00, 1.6533E+00, 9.0800E+01,
13:26:35.14679977, 4.3467E+00, 1.6533E+00, 9.1067E+01,
13:26:35.14679982, 4.3467E+00, 1.6667E+00, 9.0933E+01,
13:26:35.14679987, 4.3600E+00, 1.6533E+00, 9.1067E+01,
13:26:35.14679992, 4.3600E+00, 1.6800E+00, 9.1067E+01,
13:26:35.14679997, 4.3467E+00, 1.6667E+00, 9.1067E+01,
13:26:35.14680002, 4.3867E+00, 1.6400E+00, 9.1067E+01,
13:26:35.14680007, 4.3600E+00, 1.6667E+00, 9.0933E+01,
13:26:35.14680012, 4.3467E+00, 1.6667E+00, 9.1067E+01,
13:26:35.14680017, 4.3467E+00, 1.6800E+00, 9.1067E+01,
13:26:35.14680022, 4.3067E+00, 1.6667E+00, 9.1067E+01,
13:26:35.14680027, 4.3067E+00, 1.7067E+00, 9.1333E+01,
13:26:35.14680032, 4.3467E+00, 1.6533E+00, 9.1333E+01,
13:26:35.14680037, 4.3467E+00, 1.6533E+00, 9.1333E+01,
13:26:35.14680042, 4.3600E+00, 1.6533E+00, 9.1467E+01,
13:26:35.14680047, 4.3600E+00, 1.6400E+00, 9.1467E+01,
13:26:35.14680052, 4.3867E+00, 1.6533E+00, 9.1200E+01,
13:26:35.14680057, 4.3467E+00, 1.6400E+00, 9.1200E+01,
13:26:35.14680062, 4.3467E+00, 1.6800E+00, 9.1467E+01,
13:26:35.14680067, 4.3333E+00, 1.6800E+00, 9.1333E+01,
13:26:35.14680072, 4.3333E+00, 1.6400E+00, 9.1333E+01,
13:26:35.14680077, 4.3733E+00, 1.6800E+00, 9.1333E+01,
13:26:35.14680082, 4.3467E+00, 1.6533E+00, 9.1200E+01,
13:26:35.14680087, 4.3200E+00, 1.6800E+00, 9.1467E+01,
13:26:35.14680092, 4.3333E+00, 1.6667E+00, 9.1333E+01,
13:26:35.14680097, 4.3600E+00, 1.6800E+00, 9.1200E+01,
13:26:35.14680102, 4.3600E+00, 1.6667E+00, 9.1200E+01,
13:26:35.14680107, 4.3600E+00, 1.6800E+00, 9.1467E+01,
13:26:35.14680112, 4.3467E+00, 1.6667E+00, 9.1467E+01,
13:26:35.14680117, 4.3333E+00, 1.6933E+00, 9.1467E+01,
13:26:35.14680122, 4.3467E+00, 1.6933E+00, 9.1467E+01,
13:26:35.14680127, 4.3333E+00, 1.6667E+00, 9.1733E+01,
13:26:35.14680132, 4.3467E+00, 1.6800E+00, 9.1600E+01,
13:26:35.14680137, 4.3600E+00, 1.7067E+00, 9.1600E+01,
13:26:35.14680142, 4.3867E+00, 1.6933E+00, 9.1600E+01,
13:26:35.14680147, 4.3600E+00, 1.6667E+00, 9.1467E+01,
13:26:35.14680152, 4.3600E+00, 1.6400E+00, 9.1600E+01,
13:26:35.14680157, 4.3467E+00, 1.6933E+00, 9.1600E+01,
13:26:35.14680162, 4.3467E+00, 1.6933E+00, 9.1600E+01,
13:26:35.14680167, 4.3467E+00, 1.6933E+00, 9.1733E+01,
13:26:35.14680172, 4.3600E+00, 1.6933E+00, 9.1733E+01,
13:26:35.14680177, 4.3200E+00, 1.6800E+00, 9.1733E+01,
13:26:35.14680182, 4.3733E+00, 1.6933E+00, 9.1600E+01,
13:26:35.14680187, 4.3467E+00, 1.6800E+00, 9.1867E+01,
13:26:35.14680192, 4.3867E+00, 1.7067E+00, 9.1733E+01,
13:26:35.14680197, 4.3867E+00, 1.7067E+00, 9.1600E+01,
13:26:35.14680202, 4.3467E+00, 1.7067E+00, 9.1867E+01,
13:26:35.14680207, 4.3333E+00, 1.7200E+00, 9.2267E+01,
13:26:35.14680212, 4.3333E+00, 1.6933E+00, 9.2000E+01,
13:26:35.14680217, 4.3467E+00, 1.7067E+00, 9.1867E+01,
13:26:35.14680222, 4.3600E+00, 1.6933E+00, 9.2000E+01,
13:26:35.14680227, 4.3733E+00, 1.6800E+00, 9.2000E+01,
13:26:35.14680232, 4.3467E+00, 1.7067E+00, 9.2267E+01,
13:26:35.14680237, 4.3600E+00, 1.6933E+00, 9.1733E+01,
13:26:35.14680242, 4.3467E+00, 1.7067E+00, 9.1867E+01,
13:26:35.14680247, 4.3733E+00, 1.6933E+00, 9.1867E+01,
13:26:35.14680252, 4.3600E+00, 1.7067E+00, 9.1867E+01,
13:26:35.14680257, 4.3467E+00, 1.6933E+00, 9.1733E+01,
13:26:35.14680262, 4.3600E+00, 1.6933E+00, 9.1600E+01,
13:26:35.14680267, 4.3467E+00, 1.6800E+00, 9.1733E+01,
13:26:35.14680272, 4.3467E+00, 1.7067E+00, 9.2000E+01,
13:26:35.14680277, 4.3733E+00, 1.6800E+00, 9.1867E+01,
13:26:35.14680282, 4.3600E+00, 1.6933E+00, 9.2000E+01,
13:26:35.14680287, 4.3600E+00, 1.7067E+00, 9.2000E+01,
13:26:35.14680292, 4.3467E+00, 1.7067E+00, 9.2000E+01,
13:26:35.14680297, 4.3467E+00, 1.7067E+00, 9.1733E+01,
13:26:35.14680302, 4.3467E+00, 1.7333E+00, 9.1867E+01,
13:26:35.14680307, 4.3467E+00, 1.6933E+00, 9.2000E+01,
13:26:35.14680312, 4.3600E+00, 1.7067E+00, 9.2267E+01,
13:26:35.14680317, 4.3600E+00, 1.6933E+00, 9.1733E+01,
13:26:35.14680322, 4.3733E+00, 1.7067E+00, 9.2133E+01,
13:26:35.14680327, 4.3867E+00, 1.7067E+00, 9.2133E+01,
13:26:35.14680332, 4.3467E+00, 1.6933E+00, 9.2267E+01,
13:26:35.14680337, 4.3467E+00, 1.7200E+00, 9.2000E+01,
13:26:35.14680342, 4.3600E+00, 1.6933E+00, 9.2267E+01,
13:26:35.14680347, 4.3733E+00, 1.7067E+00, 9.2133E+01,
13:26:35.14680352, 4.3467E+00, 1.7067E+00, 9.2267E+01,
13:26:35.14680357, 4.3467E+00, 1.7200E+00, 9.2000E+01,
13:26:35.14680362, 4.3333E+00, 1.6933E+00, 9.2400E+01,
13:26:35.14680367, 4.3600E+00, 1.7067E+00, 9.2267E+01,
13:26:35.14680372, 4.3467E+00, 1.6933E+00, 9.2400E+01,
13:26:35.14680377, 4.3467E+00, 1.7067E+00, 9.2400E+01,
13:26:35.14680382, 4.3600E+00, 1.7467E+00, 9.2400E+01,
13:26:35.14680387, 4.3733E+00, 1.6800E+00, 9.2133E+01,
13:26:35.14680392, 4.3467E+00, 1.6933E+00, 9.2000E+01,
13:26:35.14680397, 4.3733E+00, 1.7067E+00, 9.2267E+01,
13:26:35.14680402, 4.3467E+00, 1.7067E+00, 9.2000E+01,
13:26:35.14680407, 4.3467E+00, 1.6800E+00, 9.2267E+01,
13:26:35.14680412, 4.3467E+00, 1.6800E+00, 9.2400E+01,
13:26:35.14680417, 4.3467E+00, 1.7733E+00, 9.2000E+01,
13:26:35.14680422, 4.3600E+00, 1.7200E+00, 9.2400E+01,
13:26:35.14680427, 4.3467E+00, 1.7200E+00, 9.2533E+01,
13:26:35.14680432, 4.3467E+00, 1.7067E+00, 9.2267E+01,
13:26:35.14680437, 4.3600E+00, 1.7067E+00, 9.2400E+01,
13:26:35.14680442, 4.3600E+00, 1.7200E+00, 9.2000E+01,
13:26:35.14680447, 4.3733E+00, 1.7067E+00, 9.2267E+01,
13:26:35.14680452, 4.3467E+00, 1.6933E+00, 9.2267E+01,
13:26:35.14680457, 4.3333E+00, 1.7333E+00, 9.2133E+01,
13:26:35.14680462, 4.3467E+00, 1.7200E+00, 9.2400E+01,
13:26:35.14680467, 4.3467E+00, 1.7200E+00, 9.2400E+01,
13:26:35.14680472, 4.3467E+00, 1.7200E+00, 9.2267E+01,
13:26:35.14680477, 4.3600E+00, 1.7200E+00, 9.2267E+01,
13:26:35.14680482, 4.3733E+00, 1.7333E+00, 9.2267E+01,
13:26:35.14680487, 4.3600E+00, 1.7067E+00, 9.2400E+01,
13:26:35.14680492, 4.3733E+00, 1.7067E+00, 9.2133E+01,
13:26:35.14680497, 4.3467E+00, 1.7067E+00, 9.2267E+01,
13:26:35.14680502, 4.3333E+00, 1.7333E+00, 9.2400E+01,
13:26:35.14680507, 4.3467E+00, 1.7333E+00, 9.2533E+01,
13:26:35.14680512, 4.3467E+00, 1.7333E+00, 9.2533E+01,
13:26:35.14680517, 4.3467E+00, 1.7067E+00, 9.2800E+01,
13:26:35.14680522, 4.3333E+00, 1.7467E+00, 9.2667E+01,
13:26:35.14680527, 4.3467E+00, 1.7200E+00, 9.2667E+01,
13:26:35.14680532, 4.3467E+00, 1.7333E+00, 9.2400E+01,
13:26:35.14680537, 4.3467E+00, 1.7067E+00, 9.2400E+01,
13:26:35.14680542, 4.3733E+00, 1.7333E+00, 9.2533E+01,
13:26:35.14680547, 4.3467E+00, 1.7067E+00, 9.2400E+01,
13:26:35.14680552, 4.3467E+00, 1.7200E+00, 9.2533E+01,
13:26:35.14680557, 4.3467E+00, 1.7067E+00, 9.2667E+01,
13:26:35.14680562, 4.3600E+00, 1.7333E+00, 9.2800E+01,
13:26:35.14680567, 4.3733E+00, 1.7200E+00, 9.2667E+01,
13:26:35.14680572, 4.3467E+00, 1.7067E+00, 9.2800E+01,
13:26:35.14680577, 4.3467E+00, 1.7200E+00, 9.2667E+01,
13:26:35.14680582, 4.3733E+00, 1.7200E+00, 9.2400E+01,
13:26:35.14680587, 4.3467E+00, 1.7333E+00, 9.2533E+01,
13:26:35.14680592, 4.3600E+00, 1.7067E+00, 9.2667E+01,
13:26:35.14680597, 4.3467E+00, 1.7200E+00, 9.2400E+01,
13:26:35.14680602, 4.3467E+00, 1.7467E+00, 9.2667E+01,
13:26:35.14680607, 4.3467E+00, 1.7467E+00, 9.2400E+01,
13:26:35.14680612, 4.3733E+00, 1.7333E+00, 9.2800E+01,
13:26:35.14680617, 4.3467E+00, 1.7467E+00, 9.2933E+01,
13:26:35.14680622, 4.3467E+00, 1.7467E+00, 9.2400E+01,
13:26:35.14680627, 4.3467E+00, 1.7200E+00, 9.2667E+01,
13:26:35.14680632, 4.3467E+00, 1.7733E+00, 9.2533E+01,
13:26:35.14680637, 4.3200E+00, 1.7200E+00, 9.2533E+01,
13:26:35.14680642, 4.3467E+00, 1.7467E+00, 9.2667E+01,
13:26:35.14680647, 4.3600E+00, 1.7600E+00, 9.2400E+01,
13:26:35.14680652, 4.3600E+00, 1.7333E+00, 9.3067E+01,
13:26:35.14680657, 4.3333E+00, 1.7333E+00, 9.2667E+01,
13:26:35.14680662, 4.3600E+00, 1.7333E+00, 9.2800E+01,
13:26:35.14680667, 4.3733E+00, 1.7333E+00, 9.2667E+01,
13:26:35.14680672, 4.3733E+00, 1.7200E+00, 9.2667E+01,
13:26:35.14680677, 4.3600E+00, 1.7600E+00, 9.2800E+01,
13:26:35.14680682, 4.3467E+00, 1.7067E+00, 9.2800E+01,
13:26:35.14680687, 4.3467E+00, 1.7200E+00, 9.2800E+01,
13:26:35.14680692, 4.3467E+00, 1.7067E+00, 9.2800E+01,
13:26:35.14680697, 4.3467E+00, 1.7333E+00, 9.2533E+01,
13:26:35.14680702, 4.3467E+00, 1.7333E+00, 9.2800E+01,
13:26:35.14680707, 4.3733E+00, 1.7200E+00, 9.2667E+01,
13:26:35.14680712, 4.3600E+00, 1.7333E+00, 9.2800E+01,
13:26:35.14680717, 4.3467E+00, 1.7333E+00, 9.2667E+01,
13:26:35.14680722, 4.3467E+00, 1.7600E+00, 9.2933E+01,
13:26:35.14680727, 4.3467E+00, 1.7600E+00, 9.2800E+01,
13:26:35.14680732, 4.3733E+00, 1.7600E+00, 9.2800E+01,
13:26:35.14680737, 4.3467E+00, 1.7467E+00, 9.2800E+01,
13:26:35.14680742, 4.3467E+00, 1.7333E+00, 9.2800E+01,
13:26:35.14680747, 4.3333E+00, 1.7467E+00, 9.2667E+01,
13:26:35.14680752, 4.3467E+00, 1.7333E+00, 9.2800E+01,
13:26:35.14680757, 4.3467E+00, 1.7200E+00, 9.2400E+01,
13:26:35.14680762, 4.3467E+00, 1.7333E+00, 9.2800E+01,
13:26:35.14680767, 4.3733E+00, 1.7467E+00, 9.2800E+01,
13:26:35.14680772, 4.3200E+00, 1.7200E+00, 9.2667E+01,
13:26:35.14680777, 4.3467E+00, 1.7200E+00, 9.2667E+01,
13:26:35.14680782, 4.3467E+00, 1.7600E+00, 9.2933E+01,
13:26:35.14680787, 4.3467E+00, 1.7333E+00, 9.2667E+01,
13:26:35.14680792, 4.3467E+00, 1.7200E+00, 9.3067E+01,
13:26:35.14680797, 4.3467E+00, 1.7333E+00, 9.2667E+01,
13:26:35.14680802, 4.3600E+00, 1.7467E+00, 9.3067E+01,
13:26:35.14680807, 4.3867E+00, 1.7600E+00, 9.3067E+01,
13:26:35.14680812, 4.3867E+00, 1.7333E+00, 9.2667E+01,
13:26:35.14680817, 4.3600E+00, 1.7733E+00, 9.3067E+01,
13:26:35.14680822, 4.3467E+00, 1.7200E+00, 9.3200E+01,
13:26:35.14680827, 4.3600E+00, 1.7467E+00, 9.2800E+01,
13:26:35.14680832, 4.3467E+00, 1.7333E+00, 9.2800E+01,
13:26:35.14680837, 4.3333E+00, 1.7600E+00, 9.2800E+01,
13:26:35.14680842, 4.3467E+00, 1.7333E+00, 9.3067E+01,
13:26:35.14680847, 4.3600E+00, 1.7067E+00, 9.2933E+01,
13:26:35.14680852, 4.3467E+00, 1.7467E+00, 9.2933E+01,
13:26:35.14680857, 4.3467E+00, 1.7333E+00, 9.3067E+01,
13:26:35.14680862, 4.3467E+00, 1.7333E+00, 9.3067E+01,
13:26:35.14680867, 4.3600E+00, 1.7733E+00, 9.3333E+01,
13:26:35.14680872, 4.3467E+00, 1.7733E+00, 9.2933E+01,
13:26:35.14680877, 4.3600E+00, 1.7600E+00, 9.3067E+01,
13:26:35.14680882, 4.3467E+00, 1.7333E+00, 9.2933E+01,
13:26:35.14680887, 4.3467E+00, 1.7200E+00, 9.2933E+01,
13:26:35.14680892, 4.3600E+00, 1.7733E+00, 9.3467E+01,
13:26:35.14680897, 4.3600E+00, 1.7467E+00, 9.3200E+01,
13:26:35.14680902, 4.3600E+00, 1.7333E+00, 9.2933E+01,
13:26:35.14680907, 4.3733E+00, 1.7333E+00, 9.2800E+01,
13:26:35.14680912, 4.3467E+00, 1.7600E+00, 9.3333E+01,
13:26:35.14680917, 4.3600E+00, 1.7600E+00, 9.2933E+01,
13:26:35.14680922, 4.3733E+00, 1.7733E+00, 9.3467E+01,
13:26:35.14680927, 4.3600E+00, 1.7333E+00, 9.3200E+01,
13:26:35.14680932, 4.3467E+00, 1.7333E+00, 9.3067E+01,
13:26:35.14680937, 4.3600E+00, 1.7333E+00, 9.3067E+01,
13:26:35.14680942, 4.3333E+00, 1.7333E+00, 9.3200E+01,
13:26:35.14680947, 4.3467E+00, 1.7467E+00, 9.3067E+01,
13:26:35.14680952, 4.3467E+00, 1.7333E+00, 9.2800E+01,
13:26:35.14680957, 4.3467E+00, 1.7467E+00, 9.2933E+01,
13:26:35.14680962, 4.3600E+00, 1.7200E+00, 9.3333E+01,
13:26:35.14680967, 4.3867E+00, 1.7333E+00, 9.2933E+01,
13:26:35.14680972, 4.3333E+00, 1.7467E+00, 9.2667E+01,
13:26:35.14680977, 4.3467E+00, 1.7467E+00, 9.3333E+01,
13:26:35.14680982, 4.3467E+00, 1.7467E+00, 9.2933E+01,
13:26:35.14680987, 4.3467E+00, 1.7467E+00, 9.3067E+01,
13:26:35.14680992, 4.3333E+00, 1.7600E+00, 9.3200E+01,
13:26:35.14680997, 4.3467E+00, 1.7600E+00, 9.3200E+01,
13:26:35.14681002, 4.3600E+00, 1.7467E+00, 9.3200E+01,
13:26:35.14681007, 4.3467E+00, 1.7467E+00, 9.3067E+01,
13:26:35.14681012, 4.3867E+00, 1.7733E+00, 9.3333E+01,
13:26:35.14681017, 4.3600E+00, 1.7467E+00, 9.2667E+01,
13:26:35.14681022, 4.3333E+00, 1.7467E+00, 9.3067E+01,
13:26:35.14681027, 4.3600E+00, 1.7733E+00, 9.3200E+01,
13:26:35.14681032, 4.3333E+00, 1.7733E+00, 9.3200E+01,
13:26:35.14681037, 4.3467E+00, 1.7733E+00, 9.2800E+01,
13:26:35.14681042, 4.3600E+00, 1.7600E+00, 9.3333E+01,
13:26:35.14681047, 4.3467E+00, 1.7867E+00, 9.3200E+01,
13:26:35.14681052, 4.3467E+00, 1.7467E+00, 9.3200E+01,
13:26:35.14681057, 4.3467E+00, 1.7600E+00, 9.3200E+01,
13:26:35.14681062, 4.3733E+00, 1.7733E+00, 9.3600E+01,
13:26:35.14681067, 4.3333E+00, 1.7467E+00, 9.2933E+01,
13:26:35.14681072, 4.3467E+00, 1.7600E+00, 9.3333E+01,
13:26:35.14681077, 4.3467E+00, 1.7600E+00, 9.3467E+01,
13:26:35.14681082, 4.3600E+00, 1.7867E+00, 9.3467E+01,
13:26:35.14681087, 4.3467E+00, 1.7733E+00, 9.3600E+01,
13:26:35.14681092, 4.3467E+00, 1.7600E+00, 9.3200E+01,
13:26:35.14681097, 4.3733E+00, 1.7600E+00, 9.3067E+01,
13:26:35.14681102, 4.3467E+00, 1.7333E+00, 9.3067E+01,
13:26:35.14681107, 4.3600E+00, 1.7467E+00, 9.3333E+01,
13:26:35.14681112, 4.3467E+00, 1.7467E+00, 9.3733E+01,
13:26:35.14681117, 4.3333E+00, 1.7600E+00, 9.3333E+01,
13:26:35.14681122, 4.3467E+00, 1.7600E+00, 9.3333E+01,
13:26:35.14681127, 4.3467E+00, 1.7600E+00, 9.3333E+01,
13:26:35.14681132, 4.3467E+00, 1.7333E+00, 9.3200E+01,
13:26:35.14681137, 4.4000E+00, 1.7733E+00, 9.3200E+01,
13:26:35.14681142, 4.3733E+00, 1.7867E+00, 9.3200E+01,
13:26:35.14681147, 4.3600E+00, 1.7600E+00, 9.3333E+01,
13:26:35.14681152, 4.3467E+00, 1.7600E+00, 9.3200E+01,
13:26:35.14681157, 4.3467E+00, 1.8000E+00, 9.3200E+01,
13:26:35.14681162, 4.3467E+00, 1.7733E+00, 9.3200E+01,
13:26:35.14681167, 4.3467E+00, 1.7733E+00, 9.3200E+01,
13:26:35.14681172, 4.3467E+00, 1.8000E+00, 9.2933E+01,
13:26:35.14681177, 4.3467E+00, 1.7600E+00, 9.3467E+01,
13:26:35.14681182, 4.3600E+00, 1.7467E+00, 9.3200E+01,
13:26:35.14681187, 4.3467E+00, 1.7733E+00, 9.3067E+01,
13:26:35.14681192, 4.3467E+00, 1.7600E+00, 9.3333E+01,
13:26:35.14681197, 4.3467E+00, 1.7733E+00, 9.3467E+01,
13:26:35.14681202, 4.3600E+00, 1.8000E+00, 9.3200E+01,
13:26:35.14681207, 4.3467E+00, 1.7733E+00, 9.3067E+01,
13:26:35.14681212, 4.3467E+00, 1.7600E+00, 9.3467E+01,
13:26:35.14681217, 4.3467E+00, 1.7733E+00, 9.2667E+01,
13:26:35.14681222, 4.3200E+00, 1.7867E+00, 9.3067E+01,
13:26:35.14681227, 4.3467E+00, 1.8000E+00, 9.3200E+01,
13:26:35.14681232, 4.3467E+00, 1.8000E+00, 9.3200E+01,
13:26:35.14681237, 4.3600E+00, 1.8000E+00, 9.3333E+01,
13:26:35.14681242, 4.3867E+00, 1.7867E+00, 9.3467E+01,
13:26:35.14681247, 4.3600E+00, 1.7733E+00, 9.3333E+01,
13:26:35.14681252, 4.3867E+00, 1.8133E+00, 9.3467E+01,
13:26:35.14681257, 4.3467E+00, 1.7600E+00, 9.3333E+01,
13:26:35.14681262, 4.3600E+00, 1.8133E+00, 9.3333E+01,
13:26:35.14681267, 4.3467E+00, 1.7733E+00, 9.3467E+01,
13:26:35.14681272, 4.3600E+00, 1.7600E+00, 9.3200E+01,
13:26:35.14681277, 4.3467E+00, 1.7867E+00, 9.3200E+01,
13:26:35.14681282, 4.3467E+00, 1.7467E+00, 9.3467E+01,
13:26:35.14681287, 4.3467E+00, 1.7333E+00, 9.3200E+01,
13:26:35.14681292, 4.3467E+00, 1.8000E+00, 9.3600E+01,
13:26:35.14681297, 4.3600E+00, 1.7600E+00, 9.3733E+01,
13:26:35.14681302, 4.3467E+00, 1.7467E+00, 9.3333E+01,
13:26:35.14681307, 4.3467E+00, 1.8000E+00, 9.3600E+01,
13:26:35.14681312, 4.3200E+00, 1.7733E+00, 9.3333E+01,
13:26:35.14681317, 4.3467E+00, 1.7867E+00, 9.3600E+01,
13:26:35.14681322, 4.3467E+00, 1.7867E+00, 9.3333E+01,
13:26:35.14681327, 4.3467E+00, 1.7600E+00, 9.3067E+01,
13:26:35.14681332, 4.3467E+00, 1.7733E+00, 9.3600E+01,
13:26:35.14681337, 4.3600E+00, 1.8133E+00, 9.3333E+01,
13:26:35.14681342, 4.3600E+00, 1.8000E+00, 9.3600E+01,
13:26:35.14681347, 4.3733E+00, 1.7600E+00, 9.3467E+01,
13:26:35.14681352, 4.3467E+00, 1.7600E+00, 9.3467E+01,
13:26:35.14681357, 4.3333E+00, 1.7867E+00, 9.3600E+01,
13:26:35.14681362, 4.3600E+00, 1.7733E+00, 9.3733E+01,
13:26:35.14681367, 4.3467E+00, 1.7733E+00, 9.3333E+01,
13:26:35.14681372, 4.3467E+00, 1.7867E+00, 9.3467E+01,
13:26:35.14681377, 4.3600E+00, 1.7867E+00, 9.3333E+01,
13:26:35.14681382, 4.3467E+00, 1.8000E+00, 9.3067E+01,
13:26:35.14681387, 4.3600E+00, 1.8000E+00, 9.3733E+01,
13:26:35.14681392, 4.3600E+00, 1.7733E+00, 9.3467E+01,
13:26:35.14681397, 4.3467E+00, 1.7600E+00, 9.3333E+01,
13:26:35.14681402, 4.3333E+00, 1.7600E+00, 9.3467E+01,
13:26:35.14681407, 4.3600E+00, 1.7600E+00, 9.3333E+01,
13:26:35.14681412, 4.3467E+00, 1.7600E+00, 9.3333E+01,
13:26:35.14681417, 4.3467E+00, 1.7733E+00, 9.3467E+01,
13:26:35.14681422, 4.3733E+00, 1.7733E+00, 9.3467E+01,
13:26:35.14681427, 4.3467E+00, 1.7733E+00, 9.3333E+01,
13:26:35.14681432, 4.3200E+00, 1.7867E+00, 9.3067E+01,
13:26:35.14681437, 4.3467E+00, 1.7467E+00, 9.3600E+01,
13:26:35.14681442, 4.3333E+00, 1.7600E+00, 9.3200E+01,
13:26:35.14681447, 4.3467E+00, 1.7733E+00, 9.3333E+01,
13:26:35.14681452, 4.3467E+00, 1.7867E+00, 9.3200E+01,
13:26:35.14681457, 4.3467E+00, 1.7867E+00, 9.3733E+01,
13:26:35.14681462, 4.3467E+00, 1.7600E+00, 9.3333E+01,
13:26:35.14681467, 4.3333E+00, 1.7600E+00, 9.3067E+01,
13:26:35.14681472, 4.3600E+00, 1.7600E+00, 9.3333E+01,
13:26:35.14681477, 4.3867E+00, 1.7867E+00, 9.3333E+01,
13:26:35.14681482, 4.3733E+00, 1.7600E+00, 9.3333E+01,
13:26:35.14681487, 4.3467E+00, 1.8000E+00, 9.3467E+01,
13:26:35.14681492, 4.3467E+00, 1.7600E+00, 9.3200E+01,
13:26:35.14681497, 4.3467E+00, 1.7867E+00, 9.3600E+01,
13:26:35.14681502, 4.3467E+00, 1.8000E+00, 9.3333E+01,
13:26:35.14681507, 4.3467E+00, 1.8133E+00, 9.3200E+01,
13:26:35.14681512, 4.3467E+00, 1.7333E+00, 9.3333E+01,
13:26:35.14681517, 4.3467E+00, 1.7733E+00, 9.3333E+01,
13:26:35.14681522, 4.3467E+00, 1.7733E+00, 9.3600E+01,
13:26:35.14681527, 4.3600E+00, 1.7867E+00, 9.3200E+01,
13:26:35.14681532, 4.3600E+00, 1.8133E+00, 9.3200E+01,
13:26:35.14681537, 4.3733E+00, 1.7867E+00, 9.3200E+01,
13:26:35.14681542, 4.3467E+00, 1.7733E+00, 9.3467E+01,
13:26:35.14681547, 4.3600E+00, 1.7867E+00, 9.3200E+01,
13:26:35.14681552, 4.3600E+00, 1.7733E+00, 9.3467E+01,
13:26:35.14681557, 4.3467E+00, 1.8000E+00, 9.3467E+01,
13:26:35.14681562, 4.3467E+00, 1.7867E+00, 9.3200E+01,
13:26:35.14681567, 4.3467E+00, 1.8000E+00, 9.3333E+01,
13:26:35.14681572, 4.3467E+00, 1.7867E+00, 9.3333E+01,
13:26:35.14681577, 4.3467E+00, 1.7867E+00, 9.3733E+01,
13:26:35.14681582, 4.3733E+00, 1.7733E+00, 9.3067E+01,
13:26:35.14681587, 4.3733E+00, 1.7600E+00, 9.3600E+01,
13:26:35.14681592, 4.3733E+00, 1.7867E+00, 9.3467E+01,
13:26:35.14681597, 4.3467E+00, 1.7600E+00, 9.3200E+01,
13:26:35.14681602, 4.3467E+00, 1.7867E+00, 9.3733E+01,
13:26:35.14681607, 4.3600E+00, 1.7867E+00, 9.3333E+01,
13:26:35.14681612, 4.3733E+00, 1.8000E+00, 9.3467E+01,
13:26:35.14681617, 4.3733E+00, 1.7600E+00, 9.3333E+01,
13:26:35.14681622, 4.3467E+00, 1.7867E+00, 9.3600E+01,
13:26:35.14681627, 4.3867E+00, 1.7467E+00, 9.3333E+01,
13:26:35.14681632, 4.3867E+00, 1.7733E+00, 9.3600E+01,
13:26:35.14681637, 4.3467E+00, 1.7600E+00, 9.3067E+01,
13:26:35.14681642, 4.3467E+00, 1.7733E+00, 9.3467E+01,
13:26:35.14681647, 4.3467E+00, 1.7867E+00, 9.3200E+01,
13:26:35.14681652, 4.3467E+00, 1.7867E+00, 9.3333E+01,
13:26:35.14681657, 4.3600E+00, 1.8000E+00, 9.3467E+01,
13:26:35.14681662, 4.3333E+00, 1.8000E+00, 9.3467E+01,
13:26:35.14681667, 4.3333E+00, 1.8000E+00, 9.3333E+01,
13:26:35.14681672, 4.3733E+00, 1.7867E+00, 9.3067E+01,
13:26:35.14681677, 4.3600E+00, 1.8000E+00, 9.3467E+01,
13:26:35.14681682, 4.3600E+00, 1.7733E+00, 9.3200E+01,
13:26:35.14681687, 4.3467E+00, 1.8133E+00, 9.3200E+01,
13:26:35.14681692, 4.3333E+00, 1.7867E+00, 9.3200E+01,
13:26:35.14681697, 4.3467E+00, 1.7733E+00, 9.3467E+01,
13:26:35.14681702, 4.3467E+00, 1.7600E+00, 9.3333E+01,
13:26:35.14681707, 4.3467E+00, 1.7867E+00, 9.3333E+01,
13:26:35.14681712, 4.3600E+00, 1.7733E+00, 9.3067E+01,
13:26:35.14681717, 4.3600E+00, 1.7867E+00, 9.3467E+01,
13:26:35.14681722, 4.3867E+00, 1.7733E+00, 9.3200E+01,
13:26:35.14681727, 4.3467E+00, 1.7733E+00, 9.3333E+01,
13:26:35.14681732, 4.3600E+00, 1.8000E+00, 9.3467E+01,
13:26:35.14681737, 4.3200E+00, 1.8000E+00, 9.3600E+01,
13:26:35.14681742, 4.3467E+00, 1.7867E+00, 9.3333E+01,
13:26:35.14681747, 4.3333E+00, 1.8000E+00, 9.3200E+01,
13:26:35.14681752, 4.3733E+00, 1.7867E+00, 9.3467E+01,
13:26:35.14681757, 4.3467E+00, 1.7867E+00, 9.3733E+01,
13:26:35.14681762, 4.3467E+00, 1.8133E+00, 9.3200E+01,
13:26:35.14681767, 4.3467E+00, 1.8133E+00, 9.2800E+01,
13:26:35.14681772, 4.3600E+00, 1.8000E+00, 9.3600E+01,
13:26:35.14681777, 4.3733E+00, 1.8267E+00, 9.3600E+01,
13:26:35.14681782, 4.3467E+00, 1.7733E+00, 9.3200E+01,
13:26:35.14681787, 4.3733E+00, 1.7600E+00, 9.3333E+01,
13:26:35.14681792, 4.3467E+00, 1.8000E+00, 9.3467E+01,
13:26:35.14681797, 4.3467E+00, 1.7867E+00, 9.3067E+01,
13:26:35.14681802, 4.3467E+00, 1.7867E+00, 9.3333E+01,
13:26:35.14681807, 4.3467E+00, 1.7733E+00, 9.3333E+01,
13:26:35.14681812, 4.3733E+00, 1.7867E+00, 9.3200E+01,
13:26:35.14681817, 4.3733E+00, 1.7867E+00, 9.2933E+01,
13:26:35.14681822, 4.3733E+00, 1.7867E+00, 9.3333E+01,
13:26:35.14681827, 4.3467E+00, 1.8000E+00, 9.3467E+01,
13:26:35.14681832, 4.3467E+00, 1.7600E+00, 9.3333E+01,
13:26:35.14681837, 4.3467E+00, 1.8000E+00, 9.3600E+01,
13:26:35.14681842, 4.3333E+00, 1.7867E+00, 9.3467E+01,
13:26:35.14681847, 4.3467E+00, 1.7867E+00, 9.3333E+01,
13:26:35.14681852, 4.3600E+00, 1.8000E+00, 9.3200E+01,
13:26:35.14681857, 4.3600E+00, 1.8000E+00, 9.3333E+01,
13:26:35.14681862, 4.3600E+00, 1.7867E+00, 9.3333E+01,
13:26:35.14681867, 4.3867E+00, 1.7867E+00, 9.3200E+01,
13:26:35.14681872, 4.3733E+00, 1.8000E+00, 9.3200E+01,
13:26:35.14681877, 4.3467E+00, 1.8133E+00, 9.3333E+01,
13:26:35.14681882, 4.3733E+00, 1.7733E+00, 9.3333E+01,
13:26:35.14681887, 4.3467E+00, 1.8133E+00, 9.3200E+01,
13:26:35.14681892, 4.3467E+00, 1.7867E+00, 9.3333E+01,
13:26:35.14681897, 4.3333E+00, 1.8000E+00, 9.3333E+01,
13:26:35.14681902, 4.3467E+00, 1.8000E+00, 9.3333E+01,
13:26:35.14681907, 4.3467E+00, 1.8000E+00, 9.2933E+01,
13:26:35.14681912, 4.3733E+00, 1.7867E+00, 9.3200E+01,
13:26:35.14681917, 4.3867E+00, 1.7867E+00, 9.3067E+01,
13:26:35.14681922, 4.3467E+00, 1.7867E+00, 9.3467E+01,
13:26:35.14681927, 4.3733E+00, 1.7733E+00, 9.3467E+01,
13:26:35.14681932, 4.3467E+00, 1.8000E+00, 9.3467E+01,
13:26:35.14681937, 4.3867E+00, 1.7867E+00, 9.3333E+01,
13:26:35.14681942, 4.3333E+00, 1.7867E+00, 9.3333E+01,
13:26:35.14681947, 4.3467E+00, 1.8000E+00, 9.3333E+01,
13:26:35.14681952, 4.3867E+00, 1.7733E+00, 9.3333E+01,
13:26:35.14681957, 4.3467E+00, 1.8000E+00, 9.3733E+01,
13:26:35.14681962, 4.3467E+00, 1.7733E+00, 9.3333E+01,
13:26:35.14681967, 4.3733E+00, 1.8133E+00, 9.3200E+01,
13:26:35.14681972, 4.3600E+00, 1.7867E+00, 9.3467E+01,
13:26:35.14681977, 4.3733E+00, 1.8000E+00, 9.3200E+01,
13:26:35.14681982, 4.3600E+00, 1.7867E+00, 9.3333E+01,
13:26:35.14681987, 4.3467E+00, 1.8133E+00, 9.3600E+01,
13:26:35.14681992, 4.3467E+00, 1.8133E+00, 9.3467E+01,
13:26:35.14681997, 4.3467E+00, 1.8000E+00, 9.3733E+01,
13:26:35.14682002, 4.3733E+00, 1.7867E+00, 9.3200E+01,
13:26:35.14682007, 4.3600E+00, 1.7600E+00, 9.3467E+01,
13:26:35.14682012, 4.3733E+00, 1.8000E+00, 9.2933E+01,
13:26:35.14682017, 4.3600E+00, 1.8267E+00, 9.3333E+01,
13:26:35.14682022, 4.3467E+00, 1.7867E+00, 9.3333E+01,
13:26:35.14682027, 4.3467E+00, 1.8133E+00, 9.3333E+01,
13:26:35.14682032, 4.3333E+00, 1.8133E+00, 9.3467E+01,
13:26:35.14682037, 4.3200E+00, 1.8133E+00, 9.3467E+01,
13:26:35.14682042, 4.3467E+00, 1.7867E+00, 9.3600E+01,
13:26:35.14682047, 4.3467E+00, 1.8000E+00, 9.3467E+01,
13:26:35.14682052, 4.3333E+00, 1.8267E+00, 9.3200E+01,
13:26:35.14682057, 4.3600E+00, 1.8133E+00, 9.3467E+01,
13:26:35.14682062, 4.3733E+00, 1.7600E+00, 9.3200E+01,
13:26:35.14682067, 4.3600E+00, 1.8000E+00, 9.3467E+01,
13:26:35.14682072, 4.3733E+00, 1.7867E+00, 9.3467E+01,
13:26:35.14682077, 4.3467E+00, 1.8133E+00, 9.3200E+01,
13:26:35.14682082, 4.3600E+00, 1.7733E+00, 9.3600E+01,
13:26:35.14682087, 4.3467E+00, 1.7867E+00, 9.3333E+01,
13:26:35.14682092, 4.3467E+00, 1.8267E+00, 9.3467E+01,
13:26:35.14682097, 4.3467E+00, 1.8400E+00, 9.3333E+01,
13:26:35.14682102, 4.3467E+00, 1.7600E+00, 9.3200E+01,
13:26:35.14682107, 4.3467E+00, 1.7867E+00, 9.3333E+01,
13:26:35.14682112, 4.3867E+00, 1.8267E+00, 9.3467E+01,
13:26:35.14682117, 4.3733E+00, 1.8133E+00, 9.3467E+01,
13:26:35.14682122, 4.3600E+00, 1.8133E+00, 9.3333E+01,
13:26:35.14682127, 4.3467E+00, 1.8000E+00, 9.3467E+01,
13:26:35.14682132, 4.3600E+00, 1.7600E+00, 9.3600E+01,
13:26:35.14682137, 4.3733E+00, 1.7733E+00, 9.3067E+01,
13:26:35.14682142, 4.3467E+00, 1.8000E+00, 9.3200E+01,
13:26:35.14682147, 4.3600E+00, 1.8000E+00, 9.3067E+01,
13:26:35.14682152, 4.3467E+00, 1.7867E+00, 9.3333E+01,
13:26:35.14682157, 4.3733E+00, 1.8000E+00, 9.3067E+01,
13:26:35.14682162, 4.3733E+00, 1.7867E+00, 9.3333E+01,
13:26:35.14682167, 4.3600E+00, 1.8000E+00, 9.3333E+01,
13:26:35.14682172, 4.3733E+00, 1.7867E+00, 9.3600E+01,
13:26:35.14682177, 4.3467E+00, 1.8000E+00, 9.3333E+01,
13:26:35.14682182, 4.3600E+00, 1.7867E+00, 9.3067E+01,
13:26:35.14682187, 4.3467E+00, 1.7867E+00, 9.3333E+01,
13:26:35.14682192, 4.3467E+00, 1.8000E+00, 9.2933E+01,
13:26:35.14682197, 4.3733E+00, 1.8000E+00, 9.3333E+01,
13:26:35.14682202, 4.3733E+00, 1.8000E+00, 9.3200E+01,
13:26:35.14682207, 4.3600E+00, 1.8000E+00, 9.3333E+01,
13:26:35.14682212, 4.3467E+00, 1.8133E+00, 9.3333E+01,
13:26:35.14682217, 4.3867E+00, 1.7733E+00, 9.3200E+01,
13:26:35.14682222, 4.3733E+00, 1.8133E+00, 9.3200E+01,
13:26:35.14682227, 4.3467E+00, 1.7867E+00, 9.3333E+01,
13:26:35.14682232, 4.3600E+00, 1.7733E+00, 9.3067E+01,
13:26:35.14682237, 4.3600E+00, 1.8133E+00, 9.3333E+01,
13:26:35.14682242, 4.3467E+00, 1.7867E+00, 9.3200E+01,
13:26:35.14682247, 4.3600E+00, 1.8133E+00, 9.3067E+01,
13:26:35.14682252, 4.3867E+00, 1.8133E+00, 9.3200E+01,
13:26:35.14682257, 4.3467E+00, 1.8133E+00, 9.3200E+01,
13:26:35.14682262, 4.3333E+00, 1.8133E+00, 9.3600E+01,
13:26:35.14682267, 4.3467E+00, 1.7867E+00, 9.3200E+01,
13:26:35.14682272, 4.3467E+00, 1.8000E+00, 9.3467E+01,
13:26:35.14682277, 4.3467E+00, 1.8133E+00, 9.3467E+01,
13:26:35.14682282, 4.3733E+00, 1.8133E+00, 9.3333E+01,
13:26:35.14682287, 4.3467E+00, 1.8133E+00, 9.3333E+01,
13:26:35.14682292, 4.3733E+00, 1.8133E+00, 9.3200E+01,
13:26:35.14682297, 4.3600E+00, 1.8000E+00, 9.2933E+01,
13:26:35.14682302, 4.3467E+00, 1.8133E+00, 9.2800E+01,
13:26:35.14682307, 4.3600E+00, 1.8000E+00, 9.3467E+01,
13:26:35.14682312, 4.3467E+00, 1.8400E+00, 9.3067E+01,
13:26:35.14682317, 4.3467E+00, 1.8133E+00, 9.3067E+01,
13:26:35.14682322, 4.3467E+00, 1.8000E+00, 9.3600E+01,
13:26:35.14682327, 4.3333E+00, 1.8000E+00, 9.3200E+01,
13:26:35.14682332, 4.3733E+00, 1.8000E+00, 9.3200E+01,
13:26:35.14682337, 4.3733E+00, 1.8133E+00, 9.3333E+01,
13:26:35.14682342, 4.3733E+00, 1.8267E+00, 9.3200E+01,
13:26:35.14682347, 4.3733E+00, 1.8133E+00, 9.3333E+01,
13:26:35.14682352, 4.4000E+00, 1.7733E+00, 9.3067E+01,
13:26:35.14682357, 4.3733E+00, 1.8267E+00, 9.3333E+01,
13:26:35.14682362, 4.3600E+00, 1.8000E+00, 9.3333E+01,
13:26:35.14682367, 4.3467E+00, 1.8133E+00, 9.3067E+01,
13:26:35.14682372, 4.3200E+00, 1.8000E+00, 9.3067E+01,
13:26:35.14682377, 4.3333E+00, 1.8133E+00, 9.3600E+01,
13:26:35.14682382, 4.3333E+00, 1.8000E+00, 9.3200E+01,
13:26:35.14682387, 4.3467E+00, 1.8000E+00, 9.2933E+01,
13:26:35.14682392, 4.3733E+00, 1.7867E+00, 9.3200E+01,
13:26:35.14682397, 4.3333E+00, 1.8000E+00, 9.2933E+01,
13:26:35.14682402, 4.3733E+00, 1.7867E+00, 9.3200E+01,
13:26:35.14682407, 4.3467E+00, 1.7867E+00, 9.2533E+01,
13:26:35.14682412, 4.3467E+00, 1.8267E+00, 9.2933E+01,
13:26:35.14682417, 4.3467E+00, 1.8000E+00, 9.3067E+01,
13:26:35.14682422, 4.3467E+00, 1.8000E+00, 9.3067E+01,
13:26:35.14682427, 4.3467E+00, 1.8133E+00, 9.2933E+01,
13:26:35.14682432, 4.3333E+00, 1.7600E+00, 9.3333E+01,
13:26:35.14682437, 4.3600E+00, 1.7733E+00, 9.2933E+01,
13:26:35.14682442, 4.4000E+00, 1.8133E+00, 9.3333E+01,
13:26:35.14682447, 4.3733E+00, 1.8400E+00, 9.2933E+01,
13:26:35.14682452, 4.3467E+00, 1.8267E+00, 9.3067E+01,
13:26:35.14682457, 4.3467E+00, 1.7733E+00, 9.2800E+01,
13:26:35.14682462, 4.3333E+00, 1.8133E+00, 9.3333E+01,
13:26:35.14682467, 4.3467E+00, 1.8133E+00, 9.3200E+01,
13:26:35.14682472, 4.3467E+00, 1.8133E+00, 9.3467E+01,
13:26:35.14682477, 4.3467E+00, 1.7733E+00, 9.3467E+01,
13:26:35.14682482, 4.3733E+00, 1.8000E+00, 9.3200E+01,
13:26:35.14682487, 4.3600E+00, 1.8133E+00, 9.3067E+01,
13:26:35.14682492, 4.3600E+00, 1.8000E+00, 9.3200E+01,
13:26:35.14682497, 4.3600E+00, 1.7867E+00, 9.3200E+01,
13:26:35.14682502, 4.3600E+00, 1.8000E+00, 9.3200E+01,
13:26:35.14682507, 4.3600E+00, 1.8133E+00, 9.3200E+01,
13:26:35.14682512, 4.3467E+00, 1.8000E+00, 9.3067E+01,
13:26:35.14682517, 4.3600E+00, 1.7867E+00, 9.3333E+01,
13:26:35.14682522, 4.3467E+00, 1.8133E+00, 9.3200E+01,
13:26:35.14682527, 4.3333E+00, 1.7867E+00, 9.3333E+01,
13:26:35.14682532, 4.3600E+00, 1.8000E+00, 9.3333E+01,
13:26:35.14682537, 4.3467E+00, 1.8000E+00, 9.3067E+01,
13:26:35.14682542, 4.3600E+00, 1.8000E+00, 9.3067E+01,
13:26:35.14682547, 4.4000E+00, 1.8000E+00, 9.3067E+01,
13:26:35.14682552, 4.3467E+00, 1.8000E+00, 9.3200E+01,
13:26:35.14682557, 4.3467E+00, 1.7733E+00, 9.3333E+01,
13:26:35.14682562, 4.3600E+00, 1.8267E+00, 9.3067E+01,
13:26:35.14682567, 4.3467E+00, 1.8133E+00, 9.3467E+01,
13:26:35.14682572, 4.3200E+00, 1.8133E+00, 9.2933E+01,
13:26:35.14682577, 4.3467E+00, 1.8133E+00, 9.3067E+01,
13:26:35.14682582, 4.3467E+00, 1.8267E+00, 9.3200E+01,
13:26:35.14682587, 4.3467E+00, 1.8000E+00, 9.3333E+01,
13:26:35.14682592, 4.3600E+00, 1.8133E+00, 9.2933E+01,
13:26:35.14682597, 4.3467E+00, 1.7733E+00, 9.2933E+01,
13:26:35.14682602, 4.3867E+00, 1.8000E+00, 9.3067E+01,
13:26:35.14682607, 4.3467E+00, 1.8400E+00, 9.3333E+01,
13:26:35.14682612, 4.3333E+00, 1.8000E+00, 9.3067E+01,
13:26:35.14682617, 4.3333E+00, 1.8267E+00, 9.3067E+01,
13:26:35.14682622, 4.3733E+00, 1.8133E+00, 9.3200E+01,
13:26:35.14682627, 4.3467E+00, 1.7867E+00, 9.2933E+01,
13:26:35.14682632, 4.3867E+00, 1.8133E+00, 9.3067E+01,
13:26:35.14682637, 4.3600E+00, 1.8000E+00, 9.2933E+01,
13:26:35.14682642, 4.3467E+00, 1.8000E+00, 9.2933E+01,
13:26:35.14682647, 4.3733E+00, 1.8400E+00, 9.2933E+01,
13:26:35.14682652, 4.3600E+00, 1.8133E+00, 9.3200E+01,
13:26:35.14682657, 4.3467E+00, 1.8000E+00, 9.2800E+01,
13:26:35.14682662, 4.3467E+00, 1.8000E+00, 9.3333E+01,
13:26:35.14682667, 4.3467E+00, 1.8133E+00, 9.3067E+01,
13:26:35.14682672, 4.3333E+00, 1.8267E+00, 9.2800E+01,
13:26:35.14682677, 4.3467E+00, 1.8133E+00, 9.2933E+01,
13:26:35.14682682, 4.3733E+00, 1.8267E+00, 9.3067E+01,
13:26:35.14682687, 4.3467E+00, 1.8133E+00, 9.2800E+01,
13:26:35.14682692, 4.3600E+00, 1.8400E+00, 9.3333E+01,
13:26:35.14682697, 4.3467E+00, 1.8133E+00, 9.2800E+01,
13:26:35.14682702, 4.3467E+00, 1.7867E+00, 9.2933E+01,
13:26:35.14682707, 4.3333E+00, 1.8133E+00, 9.3200E+01,
13:26:35.14682712, 4.3467E+00, 1.8133E+00, 9.3200E+01,
13:26:35.14682717, 4.3467E+00, 1.8133E+00, 9.3200E+01,
13:26:35.14682722, 4.3600E+00, 1.8000E+00, 9.2800E+01,
13:26:35.14682727, 4.3733E+00, 1.8000E+00, 9.2933E+01,
13:26:35.14682732, 4.3600E+00, 1.8133E+00, 9.3067E+01,
13:26:35.14682737, 4.3600E+00, 1.8000E+00, 9.2800E+01,
13:26:35.14682742, 4.3600E+00, 1.8133E+00, 9.3200E+01,
13:26:35.14682747, 4.3467E+00, 1.8000E+00, 9.3067E+01,
13:26:35.14682752, 4.3600E+00, 1.8000E+00, 9.3200E+01,
13:26:35.14682757, 4.3467E+00, 1.8000E+00, 9.3333E+01,
13:26:35.14682762, 4.3600E+00, 1.8133E+00, 9.2933E+01,
13:26:35.14682767, 4.3467E+00, 1.8133E+00, 9.3200E+01,
13:26:35.14682772, 4.3467E+00, 1.8133E+00, 9.2800E+01,
13:26:35.14682777, 4.3467E+00, 1.8000E+00, 9.2667E+01,
13:26:35.14682782, 4.3867E+00, 1.8000E+00, 9.2667E+01,
13:26:35.14682787, 4.3467E+00, 1.7867E+00, 9.3333E+01,
13:26:35.14682792, 4.3467E+00, 1.8000E+00, 9.2933E+01,
13:26:35.14682797, 4.3467E+00, 1.8000E+00, 9.2933E+01,
13:26:35.14682802, 4.3467E+00, 1.8133E+00, 9.3067E+01,
13:26:35.14682807, 4.3333E+00, 1.7867E+00, 9.2933E+01,
13:26:35.14682812, 4.3600E+00, 1.8133E+00, 9.2933E+01,
13:26:35.14682817, 4.3467E+00, 1.8000E+00, 9.3067E+01,
13:26:35.14682822, 4.3600E+00, 1.8000E+00, 9.2800E+01,
13:26:35.14682827, 4.3467E+00, 1.8133E+00, 9.2933E+01,
13:26:35.14682832, 4.3600E+00, 1.8267E+00, 9.2667E+01,
13:26:35.14682837, 4.3600E+00, 1.8400E+00, 9.2667E+01,
13:26:35.14682842, 4.3467E+00, 1.8267E+00, 9.3067E+01,
13:26:35.14682847, 4.3733E+00, 1.8133E+00, 9.2800E+01,
13:26:35.14682852, 4.3333E+00, 1.8267E+00, 9.2933E+01,
13:26:35.14682857, 4.3467E+00, 1.8267E+00, 9.3200E+01,
13:26:35.14682862, 4.3867E+00, 1.8267E+00, 9.2667E+01,
13:26:35.14682867, 4.3467E+00, 1.8267E+00, 9.2800E+01,
13:26:35.14682872, 4.3733E+00, 1.8000E+00, 9.2667E+01,
13:26:35.14682877, 4.3467E+00, 1.7867E+00, 9.2800E+01,
13:26:35.14682882, 4.3733E+00, 1.8267E+00, 9.2667E+01,
13:26:35.14682887, 4.3733E+00, 1.8133E+00, 9.3067E+01,
13:26:35.14682892, 4.3600E+00, 1.8000E+00, 9.3200E+01,
13:26:35.14682897, 4.3333E+00, 1.8133E+00, 9.2800E+01,
13:26:35.14682902, 4.3733E+00, 1.8000E+00, 9.3200E+01,
13:26:35.14682907, 4.3733E+00, 1.8267E+00, 9.3067E+01,
13:26:35.14682912, 4.3467E+00, 1.8400E+00, 9.2800E+01,
13:26:35.14682917, 4.3600E+00, 1.7867E+00, 9.2667E+01,
13:26:35.14682922, 4.3600E+00, 1.8133E+00, 9.2933E+01,
13:26:35.14682927, 4.3467E+00, 1.8267E+00, 9.3067E+01,
13:26:35.14682932, 4.3600E+00, 1.8133E+00, 9.2800E+01,
13:26:35.14682937, 4.4000E+00, 1.7867E+00, 9.2933E+01,
13:26:35.14682942, 4.3467E+00, 1.8267E+00, 9.2800E+01,
13:26:35.14682947, 4.3467E+00, 1.8267E+00, 9.3067E+01,
13:26:35.14682952, 4.3467E+00, 1.8133E+00, 9.2800E+01,
13:26:35.14682957, 4.3467E+00, 1.8267E+00, 9.2933E+01,
13:26:35.14682962, 4.3467E+00, 1.8267E+00, 9.2933E+01,
13:26:35.14682967, 4.3733E+00, 1.8133E+00, 9.2400E+01,
13:26:35.14682972, 4.3867E+00, 1.7867E+00, 9.2933E+01,
13:26:35.14682977, 4.3733E+00, 1.8133E+00, 9.2933E+01,
13:26:35.14682982, 4.3600E+00, 1.8133E+00, 9.2800E+01,
13:26:35.14682987, 4.3467E+00, 1.8000E+00, 9.2800E+01,
13:26:35.14682992, 4.3467E+00, 1.8400E+00, 9.2800E+01,
13:26:35.14682997, 4.3467E+00, 1.8000E+00, 9.2800E+01,
13:26:35.14683002, 4.3733E+00, 1.8400E+00, 9.2667E+01,
13:26:35.14683007, 4.3600E+00, 1.8400E+00, 9.3067E+01,
13:26:35.14683012, 4.3600E+00, 1.8133E+00, 9.2800E+01,
13:26:35.14683017, 4.3867E+00, 1.8133E+00, 9.2800E+01,
13:26:35.14683022, 4.3733E+00, 1.8267E+00, 9.2667E+01,
13:26:35.14683027, 4.3600E+00, 1.7867E+00, 9.2800E+01,
13:26:35.14683032, 4.3467E+00, 1.8000E+00, 9.2667E+01,
13:26:35.14683037, 4.3467E+00, 1.7867E+00, 9.2800E+01,
13:26:35.14683042, 4.3600E+00, 1.8000E+00, 9.2667E+01,
13:26:35.14683047, 4.3467E+00, 1.8133E+00, 9.2800E+01,
13:26:35.14683052, 4.3467E+00, 1.8133E+00, 9.2667E+01,
13:26:35.14683057, 4.3467E+00, 1.8000E+00, 9.2933E+01,
13:26:35.14683062, 4.3600E+00, 1.8133E+00, 9.2667E+01,
13:26:35.14683067, 4.3600E+00, 1.8000E+00, 9.2800E+01,
13:26:35.14683072, 4.3867E+00, 1.7867E+00, 9.2933E+01,
13:26:35.14683077, 4.3867E+00, 1.8267E+00, 9.2933E+01,
13:26:35.14683082, 4.4000E+00, 1.7867E+00, 9.2933E+01,
13:26:35.14683087, 4.3467E+00, 1.8000E+00, 9.2667E+01,
13:26:35.14683092, 4.3333E+00, 1.8400E+00, 9.2667E+01,
13:26:35.14683097, 4.3467E+00, 1.8000E+00, 9.2533E+01,
13:26:35.14683102, 4.3467E+00, 1.8000E+00, 9.2800E+01,
13:26:35.14683107, 4.3467E+00, 1.8133E+00, 9.2667E+01,
13:26:35.14683112, 4.3600E+00, 1.8133E+00, 9.2800E+01,
13:26:35.14683117, 4.3600E+00, 1.8267E+00, 9.3200E+01,
13:26:35.14683122, 4.3733E+00, 1.8000E+00, 9.2800E+01,
13:26:35.14683127, 4.3600E+00, 1.8400E+00, 9.2933E+01,
13:26:35.14683132, 4.3600E+00, 1.8000E+00, 9.2533E+01,
13:26:35.14683137, 4.3467E+00, 1.8400E+00, 9.2400E+01,
13:26:35.14683142, 4.3467E+00, 1.7867E+00, 9.2800E+01,
13:26:35.14683147, 4.3467E+00, 1.8000E+00, 9.2800E+01,
13:26:35.14683152, 4.3600E+00, 1.8267E+00, 9.2800E+01,
13:26:35.14683157, 4.3467E+00, 1.8267E+00, 9.2800E+01,
13:26:35.14683162, 4.3467E+00, 1.8400E+00, 9.2667E+01,
13:26:35.14683167, 4.3467E+00, 1.8267E+00, 9.2667E+01,
13:26:35.14683172, 4.3600E+00, 1.8267E+00, 9.2400E+01,
13:26:35.14683177, 4.3733E+00, 1.7733E+00, 9.2667E+01,
13:26:35.14683182, 4.3467E+00, 1.7867E+00, 9.2533E+01,
13:26:35.14683187, 4.3467E+00, 1.7867E+00, 9.2933E+01,
13:26:35.14683192, 4.3467E+00, 1.8133E+00, 9.2800E+01,
13:26:35.14683197, 4.3467E+00, 1.8000E+00, 9.2933E+01,
13:26:35.14683202, 4.3600E+00, 1.8133E+00, 9.2667E+01,
13:26:35.14683207, 4.3467E+00, 1.8400E+00, 9.2800E+01,
13:26:35.14683212, 4.3467E+00, 1.8400E+00, 9.2400E+01,
13:26:35.14683217, 4.3733E+00, 1.8400E+00, 9.2800E+01,
13:26:35.14683222, 4.3733E+00, 1.8400E+00, 9.2667E+01,
13:26:35.14683227, 4.3333E+00, 1.8000E+00, 9.2400E+01,
13:26:35.14683232, 4.3333E+00, 1.8267E+00, 9.2667E+01,
13:26:35.14683237, 4.3600E+00, 1.8000E+00, 9.2800E+01,
13:26:35.14683242, 4.3733E+00, 1.8133E+00, 9.2800E+01,
13:26:35.14683247, 4.3467E+00, 1.8133E+00, 9.2800E+01,
13:26:35.14683252, 4.3733E+00, 1.8000E+00, 9.2667E+01,
13:26:35.14683257, 4.3733E+00, 1.8267E+00, 9.2400E+01,
13:26:35.14683262, 4.3600E+00, 1.8400E+00, 9.2533E+01,
13:26:35.14683267, 4.3600E+00, 1.8133E+00, 9.2400E+01,
13:26:35.14683272, 4.3600E+00, 1.8400E+00, 9.2800E+01,
13:26:35.14683277, 4.3733E+00, 1.8133E+00, 9.2667E+01,
13:26:35.14683282, 4.3467E+00, 1.8000E+00, 9.2533E+01,
13:26:35.14683287, 4.3467E+00, 1.8000E+00, 9.2667E+01,
13:26:35.14683292, 4.3467E+00, 1.8400E+00, 9.2400E+01,
13:26:35.14683297, 4.3600E+00, 1.8000E+00, 9.2667E+01,
13:26:35.14683302, 4.3600E+00, 1.8000E+00, 9.2400E+01,
13:26:35.14683307, 4.3600E+00, 1.8267E+00, 9.2933E+01,
13:26:35.14683312, 4.3867E+00, 1.8400E+00, 9.2933E+01,
13:26:35.14683317, 4.3467E+00, 1.8000E+00, 9.2533E+01,
13:26:35.14683322, 4.3467E+00, 1.8267E+00, 9.2533E+01,
13:26:35.14683327, 4.3333E+00, 1.8133E+00, 9.2400E+01,
13:26:35.14683332, 4.3333E+00, 1.8267E+00, 9.2533E+01,
13:26:35.14683337, 4.3467E+00, 1.8133E+00, 9.2400E+01,
13:26:35.14683342, 4.3467E+00, 1.8267E+00, 9.2400E+01,
13:26:35.14683347, 4.3467E+00, 1.8133E+00, 9.2533E+01,
13:26:35.14683352, 4.3867E+00, 1.8400E+00, 9.2400E+01,
13:26:35.14683357, 4.3733E+00, 1.8133E+00, 9.2400E+01,
13:26:35.14683362, 4.3733E+00, 1.8267E+00, 9.2800E+01,
13:26:35.14683367, 4.3467E+00, 1.8133E+00, 9.2400E+01,
13:26:35.14683372, 4.3467E+00, 1.8267E+00, 9.2667E+01,
13:26:35.14683377, 4.3467E+00, 1.7867E+00, 9.2667E+01,
13:26:35.14683382, 4.3467E+00, 1.8000E+00, 9.2400E+01,
13:26:35.14683387, 4.3600E+00, 1.8133E+00, 9.2400E+01,
13:26:35.14683392, 4.3600E+00, 1.8000E+00, 9.2533E+01,
13:26:35.14683397, 4.3600E+00, 1.8000E+00, 9.2667E+01,
13:26:35.14683402, 4.3467E+00, 1.8000E+00, 9.2267E+01,
13:26:35.14683407, 4.3467E+00, 1.8133E+00, 9.2667E+01,
13:26:35.14683412, 4.3733E+00, 1.8133E+00, 9.2533E+01,
13:26:35.14683417, 4.3600E+00, 1.8133E+00, 9.2533E+01,
13:26:35.14683422, 4.3467E+00, 1.8133E+00, 9.2533E+01,
13:26:35.14683427, 4.3600E+00, 1.8267E+00, 9.2400E+01,
13:26:35.14683432, 4.3467E+00, 1.8133E+00, 9.2400E+01,
13:26:35.14683437, 4.3467E+00, 1.8133E+00, 9.2800E+01,
13:26:35.14683442, 4.3600E+00, 1.8400E+00, 9.2533E+01,
13:26:35.14683447, 4.3467E+00, 1.8400E+00, 9.2667E+01,
13:26:35.14683452, 4.3600E+00, 1.8267E+00, 9.2400E+01,
13:26:35.14683457, 4.3867E+00, 1.8267E+00, 9.2400E+01,
13:26:35.14683462, 4.3600E+00, 1.7867E+00, 9.2533E+01,
13:26:35.14683467, 4.3467E+00, 1.8000E+00, 9.2400E+01,
13:26:35.14683472, 4.3333E+00, 1.8267E+00, 9.2400E+01,
13:26:35.14683477, 4.3867E+00, 1.8400E+00, 9.2533E+01,
13:26:35.14683482, 4.3600E+00, 1.8133E+00, 9.2533E+01,
13:26:35.14683487, 4.3467E+00, 1.8133E+00, 9.2533E+01,
13:26:35.14683492, 4.3600E+00, 1.8267E+00, 9.2533E+01,
13:26:35.14683497, 4.3600E+00, 1.8000E+00, 9.2400E+01,
13:26:35.14683502, 4.3467E+00, 1.8400E+00, 9.2400E+01,
13:26:35.14683507, 4.3600E+00, 1.8400E+00, 9.2533E+01,
13:26:35.14683512, 4.3467E+00, 1.8000E+00, 9.2800E+01,
13:26:35.14683517, 4.3733E+00, 1.7867E+00, 9.2400E+01,
13:26:35.14683522, 4.3467E+00, 1.8267E+00, 9.2400E+01,
13:26:35.14683527, 4.3467E+00, 1.8267E+00, 9.2667E+01,
13:26:35.14683532, 4.3467E+00, 1.8267E+00, 9.2400E+01,
13:26:35.14683537, 4.3467E+00, 1.8400E+00, 9.2800E+01,
13:26:35.14683542, 4.3467E+00, 1.8267E+00, 9.2533E+01,
13:26:35.14683547, 4.3600E+00, 1.8267E+00, 9.2400E+01,
13:26:35.14683552, 4.3600E+00, 1.8133E+00, 9.2533E+01,
13:26:35.14683557, 4.3467E+00, 1.8400E+00, 9.2267E+01,
13:26:35.14683562, 4.3467E+00, 1.8267E+00, 9.2400E+01,
13:26:35.14683567, 4.3600E+00, 1.8133E+00, 9.2400E+01,
13:26:35.14683572, 4.3333E+00, 1.8400E+00, 9.2533E+01,
13:26:35.14683577, 4.3600E+00, 1.8133E+00, 9.2267E+01,
13:26:35.14683582, 4.3067E+00, 1.8133E+00, 9.2400E+01,
13:26:35.14683587, 4.3333E+00, 1.8400E+00, 9.2267E+01,
13:26:35.14683592, 4.3467E+00, 1.8000E+00, 9.2533E+01,
13:26:35.14683597, 4.3867E+00, 1.8267E+00, 9.2400E+01,
13:26:35.14683602, 4.3600E+00, 1.8133E+00, 9.2533E+01,
13:26:35.14683607, 4.3467E+00, 1.7867E+00, 9.2133E+01,
13:26:35.14683612, 4.3333E+00, 1.8400E+00, 9.2400E+01,
13:26:35.14683617, 4.3467E+00, 1.8133E+00, 9.2400E+01,
13:26:35.14683622, 4.3467E+00, 1.8133E+00, 9.2667E+01,
13:26:35.14683627, 4.3600E+00, 1.8400E+00, 9.2400E+01,
13:26:35.14683632, 4.3467E+00, 1.8000E+00, 9.2667E+01,
13:26:35.14683637, 4.3867E+00, 1.8000E+00, 9.2400E+01,
13:26:35.14683642, 4.3467E+00, 1.8267E+00, 9.2400E+01,
13:26:35.14683647, 4.3867E+00, 1.7867E+00, 9.2400E+01,
13:26:35.14683652, 4.3600E+00, 1.8133E+00, 9.2533E+01,
13:26:35.14683657, 4.3467E+00, 1.8133E+00, 9.2400E+01,
13:26:35.14683662, 4.3467E+00, 1.8133E+00, 9.2400E+01,
13:26:35.14683667, 4.3600E+00, 1.8133E+00, 9.2400E+01,
13:26:35.14683672, 4.3600E+00, 1.7867E+00, 9.2400E+01,
13:26:35.14683677, 4.3600E+00, 1.8133E+00, 9.2400E+01,
13:26:35.14683682, 4.3600E+00, 1.8133E+00, 9.2400E+01,
13:26:35.14683687, 4.3867E+00, 1.8267E+00, 9.2400E+01,
13:26:35.14683692, 4.3600E+00, 1.8133E+00, 9.2400E+01,
13:26:35.14683697, 4.3600E+00, 1.8000E+00, 9.2400E+01,
13:26:35.14683702, 4.3600E+00, 1.8400E+00, 9.2133E+01,
13:26:35.14683707, 4.3600E+00, 1.8267E+00, 9.2533E+01,
13:26:35.14683712, 4.3467E+00, 1.8133E+00, 9.2400E+01,
13:26:35.14683717, 4.3733E+00, 1.8133E+00, 9.2133E+01,
13:26:35.14683722, 4.3600E+00, 1.8133E+00, 9.2400E+01,
13:26:35.14683727, 4.3733E+00, 1.8267E+00, 9.2400E+01,
13:26:35.14683732, 4.3467E+00, 1.8000E+00, 9.2400E+01,
13:26:35.14683737, 4.3600E+00, 1.8400E+00, 9.2400E+01,
13:26:35.14683742, 4.3600E+00, 1.8400E+00, 9.2267E+01,
13:26:35.14683747, 4.3733E+00, 1.8267E+00, 9.2400E+01,
13:26:35.14683752, 4.3733E+00, 1.8267E+00, 9.2400E+01,
13:26:35.14683757, 4.3467E+00, 1.8133E+00, 9.2533E+01,
13:26:35.14683762, 4.3600E+00, 1.8133E+00, 9.2267E+01,
13:26:35.14683767, 4.3600E+00, 1.8133E+00, 9.2400E+01,
13:26:35.14683772, 4.3467E+00, 1.8133E+00, 9.2400E+01,
13:26:35.14683777, 4.3733E+00, 1.7867E+00, 9.2400E+01,
13:26:35.14683782, 4.3600E+00, 1.8267E+00, 9.2133E+01,
13:26:35.14683787, 4.3600E+00, 1.8400E+00, 9.2267E+01,
13:26:35.14683792, 4.3600E+00, 1.7867E+00, 9.2400E+01,
13:26:35.14683797, 4.3600E+00, 1.8267E+00, 9.2400E+01,
13:26:35.14683802, 4.3600E+00, 1.8133E+00, 9.2133E+01,
13:26:35.14683807, 4.3333E+00, 1.8000E+00, 9.2267E+01,
13:26:35.14683812, 4.3467E+00, 1.7867E+00, 9.2400E+01,
13:26:35.14683817, 4.3600E+00, 1.8000E+00, 9.1867E+01,
13:26:35.14683822, 4.3467E+00, 1.8400E+00, 9.2667E+01,
13:26:35.14683827, 4.3200E+00, 1.8133E+00, 9.2133E+01,
13:26:35.14683832, 4.3600E+00, 1.8133E+00, 9.2400E+01,
13:26:35.14683837, 4.3467E+00, 1.8400E+00, 9.2400E+01,
13:26:35.14683842, 4.3733E+00, 1.8133E+00, 9.2133E+01,
13:26:35.14683847, 4.3733E+00, 1.8133E+00, 9.2133E+01,
13:26:35.14683852, 4.3467E+00, 1.8133E+00, 9.2400E+01,
13:26:35.14683857, 4.3467E+00, 1.8133E+00, 9.1867E+01,
13:26:35.14683862, 4.3467E+00, 1.8267E+00, 9.2400E+01,
13:26:35.14683867, 4.3333E+00, 1.8400E+00, 9.2133E+01,
13:26:35.14683872, 4.3467E+00, 1.8000E+00, 9.2400E+01,
13:26:35.14683877, 4.3200E+00, 1.8000E+00, 9.2400E+01,
13:26:35.14683882, 4.3600E+00, 1.8133E+00, 9.2400E+01,
13:26:35.14683887, 4.3333E+00, 1.7867E+00, 9.2667E+01,
13:26:35.14683892, 4.3467E+00, 1.8000E+00, 9.2133E+01,
13:26:35.14683897, 4.3733E+00, 1.8000E+00, 9.2267E+01,
13:26:35.14683902, 4.3067E+00, 1.7867E+00, 9.2133E+01,
13:26:35.14683907, 4.3467E+00, 1.8267E+00, 9.2133E+01,
13:26:35.14683912, 4.3733E+00, 1.8267E+00, 9.2267E+01,
13:26:35.14683917, 4.3733E+00, 1.8267E+00, 9.2267E+01,
13:26:35.14683922, 4.3600E+00, 1.8133E+00, 9.2000E+01,
13:26:35.14683927, 4.3733E+00, 1.8533E+00, 9.2133E+01,
13:26:35.14683932, 4.3867E+00, 1.8133E+00, 9.2400E+01,
13:26:35.14683937, 4.3467E+00, 1.8400E+00, 9.2133E+01,
13:26:35.14683942, 4.3467E+00, 1.8400E+00, 9.2400E+01,
13:26:35.14683947, 4.3467E+00, 1.8400E+00, 9.2133E+01,
13:26:35.14683952, 4.3467E+00, 1.8400E+00, 9.2133E+01,
13:26:35.14683957, 4.3467E+00, 1.8133E+00, 9.2267E+01,
13:26:35.14683962, 4.3333E+00, 1.8133E+00, 9.2000E+01,
13:26:35.14683967, 4.3600E+00, 1.8400E+00, 9.2133E+01,
13:26:35.14683972, 4.3467E+00, 1.8267E+00, 9.2400E+01,
13:26:35.14683977, 4.3467E+00, 1.8133E+00, 9.2400E+01,
13:26:35.14683982, 4.3333E+00, 1.8267E+00, 9.2000E+01,
13:26:35.14683987, 4.3467E+00, 1.7867E+00, 9.2133E+01,
13:26:35.14683992, 4.3600E+00, 1.8267E+00, 9.2267E+01,
13:26:35.14683997, 4.3733E+00, 1.8133E+00, 9.1867E+01,
13:26:35.14684002, 4.3333E+00, 1.8000E+00, 9.2400E+01,
13:26:35.14684007, 4.3467E+00, 1.8000E+00, 9.2133E+01,
13:26:35.14684012, 4.3467E+00, 1.8267E+00, 9.2000E+01,
13:26:35.14684017, 4.3467E+00, 1.8267E+00, 9.2133E+01,
13:26:35.14684022, 4.3733E+00, 1.8267E+00, 9.2400E+01,
13:26:35.14684027, 4.3467E+00, 1.8133E+00, 9.2133E+01,
13:26:35.14684032, 4.3467E+00, 1.8000E+00, 9.2267E+01,
13:26:35.14684037, 4.3600E+00, 1.7867E+00, 9.2000E+01,
13:26:35.14684042, 4.3733E+00, 1.7867E+00, 9.2000E+01,
13:26:35.14684047, 4.3200E+00, 1.8000E+00, 9.1733E+01,
13:26:35.14684052, 4.3600E+00, 1.8000E+00, 9.2133E+01,
13:26:35.14684057, 4.3467E+00, 1.8133E+00, 9.1867E+01,
13:26:35.14684062, 4.3733E+00, 1.8400E+00, 9.2267E+01,
13:26:35.14684067, 4.3733E+00, 1.8267E+00, 9.2133E+01,
13:26:35.14684072, 4.3600E+00, 1.7867E+00, 9.2267E+01,
13:26:35.14684077, 4.3867E+00, 1.8133E+00, 9.2000E+01,
13:26:35.14684082, 4.3867E+00, 1.8267E+00, 9.2000E+01,
13:26:35.14684087, 4.3467E+00, 1.8133E+00, 9.1867E+01,
13:26:35.14684092, 4.3467E+00, 1.8133E+00, 9.2133E+01,
13:26:35.14684097, 4.3600E+00, 1.8000E+00, 9.2000E+01,
13:26:35.14684102, 4.3733E+00, 1.8000E+00, 9.2000E+01,
13:26:35.14684107, 4.4000E+00, 1.8267E+00, 9.2000E+01,
13:26:35.14684112, 4.3867E+00, 1.8133E+00, 9.2000E+01,
13:26:35.14684117, 4.3733E+00, 1.8133E+00, 9.2267E+01,
13:26:35.14684122, 4.3733E+00, 1.8267E+00, 9.2400E+01,
13:26:35.14684127, 4.3733E+00, 1.8133E+00, 9.1733E+01,
13:26:35.14684132, 4.3600E+00, 1.8400E+00, 9.2267E+01,
13:26:35.14684137, 4.3600E+00, 1.8400E+00, 9.2133E+01,
13:26:35.14684142, 4.3733E+00, 1.8400E+00, 9.2000E+01,
13:26:35.14684147, 4.3467E+00, 1.8133E+00, 9.2267E+01,
13:26:35.14684152, 4.3467E+00, 1.8400E+00, 9.2267E+01,
13:26:35.14684157, 4.3600E+00, 1.8400E+00, 9.2133E+01,
13:26:35.14684162, 4.3467E+00, 1.8267E+00, 9.2133E+01,
13:26:35.14684167, 4.3467E+00, 1.8133E+00, 9.2133E+01,
13:26:35.14684172, 4.3467E+00, 1.8133E+00, 9.2133E+01,
13:26:35.14684177, 4.3467E+00, 1.8267E+00, 9.2133E+01,
13:26:35.14684182, 4.3600E+00, 1.8133E+00, 9.2000E+01,
13:26:35.14684187, 4.3600E+00, 1.8000E+00, 9.2000E+01,
13:26:35.14684192, 4.3600E+00, 1.8267E+00, 9.2133E+01,
13:26:35.14684197, 4.3467E+00, 1.8267E+00, 9.2000E+01,
13:26:35.14684202, 4.3467E+00, 1.8133E+00, 9.2000E+01,
13:26:35.14684207, 4.3467E+00, 1.8267E+00, 9.2000E+01,
13:26:35.14684212, 4.3733E+00, 1.8400E+00, 9.2000E+01,
13:26:35.14684217, 4.3467E+00, 1.8000E+00, 9.2000E+01,
13:26:35.14684222, 4.3733E+00, 1.7867E+00, 9.2267E+01,
13:26:35.14684227, 4.3467E+00, 1.8133E+00, 9.2133E+01,
13:26:35.14684232, 4.3733E+00, 1.8400E+00, 9.2267E+01,
13:26:35.14684237, 4.3467E+00, 1.8400E+00, 9.2400E+01,
13:26:35.14684242, 4.3467E+00, 1.8400E+00, 9.2133E+01,
13:26:35.14684247, 4.3467E+00, 1.8267E+00, 9.2000E+01,
13:26:35.14684252, 4.3467E+00, 1.8133E+00, 9.2000E+01,
13:26:35.14684257, 4.3467E+00, 1.8133E+00, 9.2000E+01,
13:26:35.14684262, 4.3467E+00, 1.8267E+00, 9.2000E+01,
13:26:35.14684267, 4.3867E+00, 1.8400E+00, 9.1867E+01,
13:26:35.14684272, 4.3467E+00, 1.8000E+00, 9.1867E+01,
13:26:35.14684277, 4.3733E+00, 1.8133E+00, 9.2000E+01,
13:26:35.14684282, 4.3467E+00, 1.7867E+00, 9.2000E+01,
13:26:35.14684287, 4.3467E+00, 1.8000E+00, 9.2133E+01,
13:26:35.14684292, 4.3467E+00, 1.8133E+00, 9.1867E+01,
13:26:35.14684297, 4.3467E+00, 1.8133E+00, 9.1867E+01,
13:26:35.14684302, 4.3467E+00, 1.8133E+00, 9.2000E+01,
13:26:35.14684307, 4.3600E+00, 1.8267E+00, 9.2133E+01,
13:26:35.14684312, 4.3733E+00, 1.8267E+00, 9.1867E+01,
13:26:35.14684317, 4.3333E+00, 1.8133E+00, 9.1733E+01,
13:26:35.14684322, 4.3467E+00, 1.8000E+00, 9.1733E+01,
13:26:35.14684327, 4.3600E+00, 1.8133E+00, 9.1733E+01,
13:26:35.14684332, 4.3333E+00, 1.8000E+00, 9.1867E+01,
13:26:35.14684337, 3.5733E+00, 2.6000E+00, 9.1867E+01,
13:26:35.14684342, 1.0400E+00, 7.0267E+00, 9.2133E+01,
13:26:35.14684347, 1.3867E+00, 5.9200E+00, 9.2133E+01,
13:26:35.14684352, 1.5733E+00, 5.8000E+00, 9.2133E+01,
13:26:35.14684357, 1.5067E+00, 5.7200E+00, 9.1867E+01,
13:26:35.14684362, 1.4933E+00, 5.5200E+00, 9.1467E+01,
13:26:35.14684367, 1.4400E+00, 5.0533E+00, 9.0933E+01,
13:26:35.14684372, 1.4000E+00, 3.9867E+00, 9.0800E+01,
13:26:35.14684377, 1.0000E+00, 3.8400E+00, 9.0267E+01,
13:26:35.14684382, 8.6667E-01, 3.7600E+00, 8.9733E+01,
13:26:35.14684387, 8.2667E-01, 3.7333E+00, 8.9200E+01,
13:26:35.14684392, 8.2667E-01, 3.6800E+00, 8.8400E+01,
13:26:35.14684397, 8.0000E-01, 3.6133E+00, 8.8400E+01,
13:26:35.14684402, 8.1333E-01, 3.5867E+00, 8.8133E+01,
13:26:35.14684407, 7.4667E-01, 3.6000E+00, 8.7333E+01,
13:26:35.14684412, 7.6000E-01, 3.6267E+00, 8.7333E+01,
13:26:35.14684417, 7.6000E-01, 3.6267E+00, 8.6933E+01,
13:26:35.14684422, 7.2000E-01, 3.6133E+00, 8.6400E+01,
13:26:35.14684427, 7.0667E-01, 3.6267E+00, 8.6267E+01,
13:26:35.14684432, 6.8000E-01, 3.6267E+00, 8.5867E+01,
13:26:35.14684437, 6.9333E-01, 3.6667E+00, 8.5600E+01,
13:26:35.14684442, 7.0667E-01, 3.6933E+00, 8.5200E+01,
13:26:35.14684447, 7.4667E-01, 3.7467E+00, 8.5067E+01,
13:26:35.14684452, 7.0667E-01, 3.7200E+00, 8.4533E+01,
13:26:35.14684457, 7.0667E-01, 3.7333E+00, 8.4133E+01,
13:26:35.14684462, 6.9333E-01, 3.7600E+00, 8.4000E+01,
13:26:35.14684467, 6.8000E-01, 3.7600E+00, 8.3733E+01,
13:26:35.14684472, 6.9333E-01, 3.8133E+00, 8.2933E+01,
13:26:35.14684477, 6.9333E-01, 3.8267E+00, 8.3067E+01,
13:26:35.14684482, 6.8000E-01, 3.8667E+00, 8.2267E+01,
13:26:35.14684487, 6.8000E-01, 3.8800E+00, 8.2000E+01,
13:26:35.14684492, 6.8000E-01, 3.9200E+00, 8.1600E+01,
13:26:35.14684497, 6.9333E-01, 3.9067E+00, 8.1200E+01,
13:26:35.14684502, 6.8000E-01, 3.9467E+00, 8.0800E+01,
13:26:35.14684507, 6.8000E-01, 4.0000E+00, 8.0800E+01,
13:26:35.14684512, 6.6667E-01, 4.0000E+00, 8.0533E+01,
13:26:35.14684517, 6.9333E-01, 4.0533E+00, 7.9733E+01,
13:26:35.14684522, 6.4000E-01, 4.0667E+00, 7.9333E+01,
13:26:35.14684527, 6.5333E-01, 4.0800E+00, 7.8800E+01,
13:26:35.14684532, 6.6667E-01, 4.1200E+00, 7.8400E+01,
13:26:35.14684537, 6.4000E-01, 4.1200E+00, 7.8000E+01,
13:26:35.14684542, 6.6667E-01, 4.1733E+00, 7.7600E+01,
13:26:35.14684547, 6.6667E-01, 4.2133E+00, 7.7600E+01,
13:26:35.14684552, 6.4000E-01, 4.2267E+00, 7.7067E+01,
13:26:35.14684557, 6.4000E-01, 4.2400E+00, 7.6800E+01,
13:26:35.14684562, 6.6667E-01, 4.2800E+00, 7.6133E+01,
13:26:35.14684567, 6.5333E-01, 4.3200E+00, 7.5600E+01,
13:26:35.14684572, 6.2667E-01, 4.3467E+00, 7.5200E+01,
13:26:35.14684577, 6.2667E-01, 4.3733E+00, 7.4933E+01,
13:26:35.14684582, 6.4000E-01, 4.4133E+00, 7.4400E+01,
13:26:35.14684587, 6.2667E-01, 4.4133E+00, 7.3867E+01,
13:26:35.14684592, 6.5333E-01, 4.4400E+00, 7.3467E+01,
13:26:35.14684597, 6.4000E-01, 4.4667E+00, 7.2667E+01,
13:26:35.14684602, 6.6667E-01, 4.4800E+00, 7.2533E+01,
13:26:35.14684607, 6.5333E-01, 4.5333E+00, 7.2133E+01,
13:26:35.14684612, 6.4000E-01, 4.5600E+00, 7.1733E+01,
13:26:35.14684617, 6.5333E-01, 4.5733E+00, 7.1200E+01,
13:26:35.14684622, 6.2667E-01, 4.5733E+00, 7.0667E+01,
13:26:35.14684627, 5.8667E-01, 4.6133E+00, 7.0400E+01,
13:26:35.14684632, 6.2667E-01, 4.6667E+00, 6.9467E+01,
13:26:35.14684637, 6.1333E-01, 4.6533E+00, 6.9333E+01,
13:26:35.14684642, 6.4000E-01, 4.6933E+00, 6.8667E+01,
13:26:35.14684647, 6.5333E-01, 4.7067E+00, 6.8400E+01,
13:26:35.14684652, 6.6667E-01, 4.7333E+00, 6.7733E+01,
13:26:35.14684657, 6.6667E-01, 4.7467E+00, 6.7467E+01,
13:26:35.14684662, 6.6667E-01, 4.8000E+00, 6.6400E+01,
13:26:35.14684667, 6.1333E-01, 4.8400E+00, 6.6400E+01,
13:26:35.14684672, 6.1333E-01, 4.8400E+00, 6.5867E+01,
13:26:35.14684677, 6.4000E-01, 4.8400E+00, 6.5467E+01,
13:26:35.14684682, 6.2667E-01, 4.8667E+00, 6.4933E+01,
13:26:35.14684687, 6.4000E-01, 4.9067E+00, 6.4133E+01,
13:26:35.14684692, 6.1333E-01, 4.9333E+00, 6.3600E+01,
13:26:35.14684697, 6.2667E-01, 4.9867E+00, 6.3333E+01,
13:26:35.14684702, 6.4000E-01, 5.0000E+00, 6.2533E+01,
13:26:35.14684707, 6.4000E-01, 5.0000E+00, 6.2000E+01,
13:26:35.14684712, 6.2667E-01, 5.0533E+00, 6.1600E+01,
13:26:35.14684717, 6.2667E-01, 5.0400E+00, 6.0933E+01,
13:26:35.14684722, 6.4000E-01, 5.0667E+00, 6.0533E+01,
13:26:35.14684727, 6.2667E-01, 5.1067E+00, 5.9733E+01,
13:26:35.14684732, 6.2667E-01, 5.1200E+00, 5.9333E+01,
13:26:35.14684737, 6.1333E-01, 5.1467E+00, 5.8933E+01,
13:26:35.14684742, 6.4000E-01, 5.1600E+00, 5.8000E+01,
13:26:35.14684747, 6.2667E-01, 5.2133E+00, 5.8000E+01,
13:26:35.14684752, 6.2667E-01, 5.2400E+00, 5.7200E+01,
13:26:35.14684757, 6.4000E-01, 5.2000E+00, 5.6533E+01,
13:26:35.14684762, 6.2667E-01, 5.2533E+00, 5.6000E+01,
13:26:35.14684767, 6.0000E-01, 5.2800E+00, 5.5467E+01,
13:26:35.14684772, 6.1333E-01, 5.2800E+00, 5.4800E+01,
13:26:35.14684777, 6.0000E-01, 5.3200E+00, 5.4400E+01,
13:26:35.14684782, 6.1333E-01, 5.3600E+00, 5.3600E+01,
13:26:35.14684787, 6.2667E-01, 5.3600E+00, 5.3200E+01,
13:26:35.14684792, 6.2667E-01, 5.3867E+00, 5.2667E+01,
13:26:35.14684797, 6.4000E-01, 5.3867E+00, 5.2000E+01,
13:26:35.14684802, 6.1333E-01, 5.3867E+00, 5.1467E+01,
13:26:35.14684807, 6.1333E-01, 5.4667E+00, 5.0933E+01,
13:26:35.14684812, 6.0000E-01, 5.4400E+00, 5.0400E+01,
13:26:35.14684817, 6.1333E-01, 5.4933E+00, 4.9867E+01,
13:26:35.14684822, 6.0000E-01, 5.4800E+00, 4.9333E+01,
13:26:35.14684827, 6.2667E-01, 5.4800E+00, 4.8267E+01,
13:26:35.14684832, 6.4000E-01, 5.5200E+00, 4.8133E+01,
13:26:35.14684837, 6.2667E-01, 5.5200E+00, 4.6933E+01,
13:26:35.14684842, 6.2667E-01, 5.5467E+00, 4.7067E+01,
13:26:35.14684847, 6.4000E-01, 5.5600E+00, 4.6133E+01,
13:26:35.14684852, 6.1333E-01, 5.6000E+00, 4.5867E+01,
13:26:35.14684857, 6.2667E-01, 5.5867E+00, 4.4800E+01,
13:26:35.14684862, 5.7333E-01, 5.5867E+00, 4.4667E+01,
13:26:35.14684867, 6.1333E-01, 5.6400E+00, 4.3733E+01,
13:26:35.14684872, 5.8667E-01, 5.6267E+00, 4.3067E+01,
13:26:35.14684877, 6.0000E-01, 5.6533E+00, 4.2533E+01,
13:26:35.14684882, 6.0000E-01, 5.6667E+00, 4.1867E+01,
13:26:35.14684887, 6.2667E-01, 5.6800E+00, 4.1333E+01,
13:26:35.14684892, 6.2667E-01, 5.6933E+00, 4.0800E+01,
13:26:35.14684897, 6.1333E-01, 5.7067E+00, 4.0400E+01,
13:26:35.14684902, 6.1333E-01, 5.7067E+00, 3.9733E+01,
13:26:35.14684907, 5.8667E-01, 5.7200E+00, 3.9200E+01,
13:26:35.14684912, 5.8667E-01, 5.7600E+00, 3.8800E+01,
13:26:35.14684917, 6.1333E-01, 5.7067E+00, 3.8000E+01,
13:26:35.14684922, 6.0000E-01, 5.7733E+00, 3.7200E+01,
13:26:35.14684927, 6.2667E-01, 5.7600E+00, 3.6800E+01,
13:26:35.14684932, 5.7333E-01, 5.7600E+00, 3.6000E+01,
13:26:35.14684937, 6.1333E-01, 5.7867E+00, 3.5467E+01,
13:26:35.14684942, 6.1333E-01, 5.8000E+00, 3.5333E+01,
13:26:35.14684947, 6.1333E-01, 5.8000E+00, 3.4267E+01,
13:26:35.14684952, 6.0000E-01, 5.8000E+00, 3.3867E+01,
13:26:35.14684957, 5.7333E-01, 5.7867E+00, 3.3333E+01,
13:26:35.14684962, 5.8667E-01, 5.8267E+00, 3.2533E+01,
13:26:35.14684967, 6.0000E-01, 5.8133E+00, 3.1733E+01,
13:26:35.14684972, 6.2667E-01, 5.8267E+00, 3.1200E+01,
13:26:35.14684977, 6.0000E-01, 5.8400E+00, 3.0667E+01,
13:26:35.14684982, 5.7333E-01, 5.8400E+00, 3.0000E+01,
13:26:35.14684987, 6.2667E-01, 5.8533E+00, 2.9333E+01,
13:26:35.14684992, 6.1333E-01, 5.8533E+00, 2.8933E+01,
13:26:35.14684997, 5.8667E-01, 5.8533E+00, 2.8533E+01,
13:26:35.14685002, 5.6000E-01, 5.8667E+00, 2.7600E+01,
13:26:35.14685007, 5.6000E-01, 5.8800E+00, 2.6933E+01,
13:26:35.14685012, 6.0000E-01, 5.8667E+00, 2.6267E+01,
13:26:35.14685017, 5.8667E-01, 5.8533E+00, 2.5867E+01,
13:26:35.14685022, 6.0000E-01, 5.8533E+00, 2.5067E+01,
13:26:35.14685027, 6.1333E-01, 5.8667E+00, 2.4400E+01,
13:26:35.14685032, 5.6000E-01, 5.8800E+00, 2.4000E+01,
13:26:35.14685037, 6.0000E-01, 5.8533E+00, 2.3067E+01,
13:26:35.14685042, 5.7333E-01, 5.8533E+00, 2.2533E+01,
13:26:35.14685047, 5.7333E-01, 5.8533E+00, 2.1867E+01,
13:26:35.14685052, 5.7333E-01, 5.8800E+00, 2.1200E+01,
13:26:35.14685057, 5.2000E-01, 5.8533E+00, 2.0267E+01,
13:26:35.14685062, 5.8667E-01, 5.8533E+00, 1.9600E+01,
13:26:35.14685067, 5.6000E-01, 5.8533E+00, 1.8933E+01,
13:26:35.14685072, 5.6000E-01, 5.8267E+00, 1.8533E+01,
13:26:35.14685077, 5.4667E-01, 5.8400E+00, 1.7867E+01,
13:26:35.14685082, 6.0000E-01, 5.8267E+00, 1.7467E+01,
13:26:35.14685087, 5.7333E-01, 5.8267E+00, 1.6933E+01,
13:26:35.14685092, 5.7333E-01, 5.8267E+00, 1.6000E+01,
13:26:35.14685097, 5.8667E-01, 5.8267E+00, 1.5600E+01,
13:26:35.14685102, 5.6000E-01, 5.8133E+00, 1.5200E+01,
13:26:35.14685107, 5.6000E-01, 5.8267E+00, 1.4400E+01,
13:26:35.14685112, 5.6000E-01, 5.8267E+00, 1.3733E+01,
13:26:35.14685117, 5.7333E-01, 5.8000E+00, 1.3067E+01,
13:26:35.14685122, 5.4667E-01, 5.8000E+00, 1.2400E+01,
13:26:35.14685127, 5.6000E-01, 5.7733E+00, 1.1867E+01,
13:26:35.14685132, 5.8667E-01, 5.7733E+00, 1.1467E+01,
13:26:35.14685137, 5.7333E-01, 5.7600E+00, 1.0400E+01,
13:26:35.14685142, 5.6000E-01, 5.7467E+00, 1.0267E+01,
13:26:35.14685147, 5.6000E-01, 5.7200E+00, 9.4667E+00,
13:26:35.14685152, 5.2000E-01, 5.7333E+00, 9.0667E+00,
13:26:35.14685157, 5.4667E-01, 5.7067E+00, 8.0000E+00,
13:26:35.14685162, 5.6000E-01, 5.6933E+00, 7.4667E+00,
13:26:35.14685167, 5.3333E-01, 5.7067E+00, 6.9333E+00,
13:26:35.14685172, 5.2000E-01, 5.6667E+00, 6.2667E+00,
13:26:35.14685177, 5.2000E-01, 5.6933E+00, 5.8667E+00,
13:26:35.14685182, 5.0667E-01, 5.6667E+00, 5.3333E+00,
13:26:35.14685187, 5.3333E-01, 5.6267E+00, 4.6667E+00,
13:26:35.14685192, 5.4667E-01, 5.6400E+00, 4.0000E+00,
13:26:35.14685197, 5.2000E-01, 5.6000E+00, 3.6000E+00,
13:26:35.14685202, 5.2000E-01, 5.5867E+00, 3.0667E+00,
13:26:35.14685207, 5.2000E-01, 5.5733E+00, 2.5333E+00,
13:26:35.14685212, 5.2000E-01, 5.5333E+00, 1.6000E+00,
13:26:35.14685217, 5.2000E-01, 5.5333E+00, 1.2000E+00,
13:26:35.14685222, 5.3333E-01, 5.5067E+00, 6.6667E-01,
13:26:35.14685227, 5.2000E-01, 5.4933E+00,-1.3333E-01,
13:26:35.14685232, 4.9333E-01, 5.4667E+00, 0.0000E+00,
13:26:35.14685237, 5.2000E-01, 5.4400E+00,-1.0667E+00,
13:26:35.14685242, 5.0667E-01, 5.4000E+00,-1.6000E+00,
13:26:35.14685247, 5.2000E-01, 5.4133E+00,-2.0000E+00,
13:26:35.14685252, 4.9333E-01, 5.3733E+00,-2.8000E+00,
13:26:35.14685257, 4.8000E-01, 5.3600E+00,-3.0667E+00,
13:26:35.14685262, 5.0667E-01, 5.3333E+00,-3.8667E+00,
13:26:35.14685267, 4.6667E-01, 5.2933E+00,-4.5333E+00,
13:26:35.14685272, 4.9333E-01, 5.2800E+00,-4.8000E+00,
13:26:35.14685277, 4.8000E-01, 5.2667E+00,-5.2000E+00,
13:26:35.14685282, 5.0667E-01, 5.2667E+00,-6.1333E+00,
13:26:35.14685287, 5.0667E-01, 5.2267E+00,-6.6667E+00,
13:26:35.14685292, 4.2667E-01, 5.2000E+00,-6.8000E+00,
13:26:35.14685297, 4.4000E-01, 5.2000E+00,-7.4667E+00,
13:26:35.14685302, 4.6667E-01, 5.1600E+00,-8.0000E+00,
13:26:35.14685307, 4.6667E-01, 5.1333E+00,-8.8000E+00,
13:26:35.14685312, 4.6667E-01, 5.1200E+00,-9.2000E+00,
13:26:35.14685317, 4.6667E-01, 5.0800E+00,-9.7333E+00,
13:26:35.14685322, 4.6667E-01, 5.0933E+00,-1.0133E+01,
13:26:35.14685327, 4.5333E-01, 5.0400E+00,-1.0533E+01,
13:26:35.14685332, 4.5333E-01, 5.0000E+00,-1.1333E+01,
13:26:35.14685337, 4.2667E-01, 4.9867E+00,-1.1600E+01,
13:26:35.14685342, 4.4000E-01, 4.9733E+00,-1.2133E+01,
13:26:35.14685347, 4.2667E-01, 4.9600E+00,-1.2933E+01,
13:26:35.14685352, 4.4000E-01, 4.9333E+00,-1.2933E+01,
13:26:35.14685357, 4.5333E-01, 4.9067E+00,-1.3733E+01,
13:26:35.14685362, 4.4000E-01, 4.8533E+00,-1.4400E+01,
13:26:35.14685367, 4.4000E-01, 4.8667E+00,-1.4933E+01,
13:26:35.14685372, 4.6667E-01, 4.8667E+00,-1.4800E+01,
13:26:35.14685377, 4.2667E-01, 4.8000E+00,-1.5733E+01,
13:26:35.14685382, 4.2667E-01, 4.8267E+00,-1.5733E+01,
13:26:35.14685387, 4.2667E-01, 4.7333E+00,-1.6400E+01,
13:26:35.14685392, 4.1333E-01, 4.7467E+00,-1.6800E+01,
13:26:35.14685397, 4.1333E-01, 4.7067E+00,-1.7067E+01,
13:26:35.14685402, 4.2667E-01, 4.6933E+00,-1.7600E+01,
13:26:35.14685407, 4.0000E-01, 4.6800E+00,-1.8400E+01,
13:26:35.14685412, 4.0000E-01, 4.6400E+00,-1.8667E+01,
13:26:35.14685417, 4.0000E-01, 4.6133E+00,-1.9067E+01,
13:26:35.14685422, 4.2667E-01, 4.6000E+00,-1.9600E+01,
13:26:35.14685427, 4.4000E-01, 4.5733E+00,-2.0000E+01,
13:26:35.14685432, 4.0000E-01, 4.5733E+00,-2.0533E+01,
13:26:35.14685437, 3.7333E-01, 4.5333E+00,-2.0933E+01,
13:26:35.14685442, 3.8667E-01, 4.4800E+00,-2.1200E+01,
13:26:35.14685447, 3.7333E-01, 4.4933E+00,-2.1600E+01,
13:26:35.14685452, 4.1333E-01, 4.4533E+00,-2.2133E+01,
13:26:35.14685457, 4.0000E-01, 4.4267E+00,-2.2667E+01,
13:26:35.14685462, 3.8667E-01, 4.4000E+00,-2.2933E+01,
13:26:35.14685467, 4.0000E-01, 4.3867E+00,-2.3467E+01,
13:26:35.14685472, 3.8667E-01, 4.3333E+00,-2.3600E+01,
13:26:35.14685477, 3.8667E-01, 4.3067E+00,-2.4000E+01,
13:26:35.14685482, 3.7333E-01, 4.2800E+00,-2.4667E+01,
13:26:35.14685487, 3.7333E-01, 4.2533E+00,-2.5067E+01,
13:26:35.14685492, 3.6000E-01, 4.2267E+00,-2.5067E+01,
13:26:35.14685497, 3.7333E-01, 4.1867E+00,-2.5733E+01,
13:26:35.14685502, 3.6000E-01, 4.1600E+00,-2.6000E+01,
13:26:35.14685507, 3.6000E-01, 4.1600E+00,-2.6267E+01,
13:26:35.14685512, 3.7333E-01, 4.1200E+00,-2.7067E+01,
13:26:35.14685517, 3.8667E-01, 4.0800E+00,-2.7200E+01,
13:26:35.14685522, 3.6000E-01, 4.0533E+00,-2.7733E+01,
13:26:35.14685527, 3.2000E-01, 4.0400E+00,-2.8000E+01,
13:26:35.14685532, 3.6000E-01, 4.0400E+00,-2.8000E+01,
13:26:35.14685537, 3.0667E-01, 4.0000E+00,-2.8933E+01,
13:26:35.14685542, 3.6000E-01, 3.9333E+00,-2.8800E+01,
13:26:35.14685547, 3.3333E-01, 3.9067E+00,-2.9200E+01,
13:26:35.14685552, 3.4667E-01, 3.8800E+00,-2.9600E+01,
13:26:35.14685557, 3.7333E-01, 3.8933E+00,-2.9867E+01,
13:26:35.14685562, 3.3333E-01, 3.8400E+00,-3.0400E+01,
13:26:35.14685567, 3.7333E-01, 3.8667E+00,-3.0400E+01,
13:26:35.14685572, 3.2000E-01, 3.8133E+00,-3.0933E+01,
13:26:35.14685577, 3.0667E-01, 3.7733E+00,-3.1200E+01,
13:26:35.14685582, 3.4667E-01, 3.7600E+00,-3.1200E+01,
13:26:35.14685587, 3.0667E-01, 3.7333E+00,-3.1600E+01,
13:26:35.14685592, 3.0667E-01, 3.6933E+00,-3.2133E+01,
13:26:35.14685597, 3.0667E-01, 3.6533E+00,-3.2267E+01,
13:26:35.14685602, 3.3333E-01, 3.6267E+00,-3.2667E+01,
13:26:35.14685607, 3.3333E-01, 3.6133E+00,-3.2933E+01,
13:26:35.14685612, 3.6000E-01, 3.5733E+00,-3.3333E+01,
13:26:35.14685617, 3.0667E-01, 3.5600E+00,-3.3600E+01,
13:26:35.14685622, 2.9333E-01, 3.5467E+00,-3.3600E+01,
13:26:35.14685627, 2.9333E-01, 3.4933E+00,-3.3867E+01,
13:26:35.14685632, 2.6667E-01, 3.4800E+00,-3.4267E+01,
13:26:35.14685637, 2.8000E-01, 3.4800E+00,-3.4667E+01,
13:26:35.14685642, 2.8000E-01, 3.4533E+00,-3.5067E+01,
13:26:35.14685647, 3.2000E-01, 3.4133E+00,-3.5200E+01,
13:26:35.14685652, 2.8000E-01, 3.4000E+00,-3.5467E+01,
13:26:35.14685657, 2.6667E-01, 3.3733E+00,-3.5600E+01,
13:26:35.14685662, 2.6667E-01, 3.3467E+00,-3.6000E+01,
13:26:35.14685667, 3.0667E-01, 3.3200E+00,-3.5867E+01,
13:26:35.14685672, 2.6667E-01, 3.3067E+00,-3.6133E+01,
13:26:35.14685677, 2.4000E-01, 3.2800E+00,-3.6533E+01,
13:26:35.14685682, 2.8000E-01, 3.2133E+00,-3.6533E+01,
13:26:35.14685687, 2.2667E-01, 3.2133E+00,-3.7067E+01,
13:26:35.14685692, 2.6667E-01, 3.1867E+00,-3.7067E+01,
13:26:35.14685697, 2.5333E-01, 3.1600E+00,-3.7467E+01,
13:26:35.14685702, 2.6667E-01, 3.1600E+00,-3.7600E+01,
13:26:35.14685707, 2.4000E-01, 3.0933E+00,-3.7867E+01,
13:26:35.14685712, 2.4000E-01, 3.1067E+00,-3.7867E+01,
13:26:35.14685717, 2.2667E-01, 3.0933E+00,-3.8133E+01,
13:26:35.14685722, 2.6667E-01, 3.0533E+00,-3.8533E+01,
13:26:35.14685727, 2.2667E-01, 3.0133E+00,-3.8933E+01,
13:26:35.14685732, 2.4000E-01, 2.9867E+00,-3.8800E+01,
13:26:35.14685737, 2.2667E-01, 2.9467E+00,-3.8667E+01,
13:26:35.14685742, 2.5333E-01, 2.9600E+00,-3.9067E+01,
13:26:35.14685747, 2.2667E-01, 2.9067E+00,-3.9333E+01,
13:26:35.14685752, 2.2667E-01, 2.8933E+00,-3.9333E+01,
13:26:35.14685757, 2.1333E-01, 2.8667E+00,-3.9600E+01,
13:26:35.14685762, 2.4000E-01, 2.8533E+00,-3.9733E+01,
13:26:35.14685767, 2.1333E-01, 2.8000E+00,-4.0000E+01,
13:26:35.14685772, 2.0000E-01, 2.7867E+00,-3.9867E+01,
13:26:35.14685777, 1.8667E-01, 2.8000E+00,-3.9867E+01,
13:26:35.14685782, 1.7333E-01, 2.7600E+00,-4.0400E+01,
13:26:35.14685787, 2.0000E-01, 2.7200E+00,-4.0400E+01,
13:26:35.14685792, 1.8667E-01, 2.6933E+00,-4.0667E+01,
13:26:35.14685797, 2.0000E-01, 2.6800E+00,-4.0533E+01,
13:26:35.14685802, 1.8667E-01, 2.6667E+00,-4.1067E+01,
13:26:35.14685807, 2.2667E-01, 2.6400E+00,-4.1067E+01,
13:26:35.14685812, 1.8667E-01, 2.6400E+00,-4.1333E+01,
13:26:35.14685817, 2.1333E-01, 2.6267E+00,-4.1200E+01,
13:26:35.14685822, 1.7333E-01, 2.5867E+00,-4.1067E+01,
13:26:35.14685827, 1.8667E-01, 2.5600E+00,-4.1067E+01,
13:26:35.14685832, 2.1333E-01, 2.5067E+00,-4.1333E+01,
13:26:35.14685837, 2.1333E-01, 2.5200E+00,-4.1733E+01,
13:26:35.14685842, 1.8667E-01, 2.4933E+00,-4.1867E+01,
13:26:35.14685847, 1.7333E-01, 2.4667E+00,-4.1733E+01,
13:26:35.14685852, 1.8667E-01, 2.4667E+00,-4.2267E+01,
13:26:35.14685857, 2.1333E-01, 2.4533E+00,-4.1867E+01,
13:26:35.14685862, 2.0000E-01, 2.4133E+00,-4.1867E+01,
13:26:35.14685867, 1.4667E-01, 2.3867E+00,-4.2267E+01,
13:26:35.14685872, 1.4667E-01, 2.3867E+00,-4.1867E+01,
13:26:35.14685877, 1.4667E-01, 2.3200E+00,-4.2133E+01,
13:26:35.14685882, 1.8667E-01, 2.3067E+00,-4.2267E+01,
13:26:35.14685887, 1.6000E-01, 2.2933E+00,-4.2267E+01,
13:26:35.14685892, 1.6000E-01, 2.2667E+00,-4.2267E+01,
13:26:35.14685897, 1.6000E-01, 2.2533E+00,-4.2667E+01,
13:26:35.14685902, 1.6000E-01, 2.2667E+00,-4.2133E+01,
13:26:35.14685907, 1.3333E-01, 2.1867E+00,-4.2267E+01,
13:26:35.14685912, 1.4667E-01, 2.1733E+00,-4.2667E+01,
13:26:35.14685917, 9.3333E-02, 2.1867E+00,-4.2667E+01,
13:26:35.14685922, 1.2000E-01, 2.1467E+00,-4.2533E+01,
13:26:35.14685927, 1.3333E-01, 2.1200E+00,-4.2533E+01,
13:26:35.14685932, 1.2000E-01, 2.1200E+00,-4.2667E+01,
13:26:35.14685937, 1.2000E-01, 2.1067E+00,-4.2533E+01,
13:26:35.14685942, 1.2000E-01, 2.1067E+00,-4.2667E+01,
13:26:35.14685947, 1.0667E-01, 2.0533E+00,-4.2533E+01,
13:26:35.14685952, 9.3333E-02, 2.0267E+00,-4.2800E+01,
13:26:35.14685957, 1.2000E-01, 2.0133E+00,-4.2533E+01,
13:26:35.14685962, 1.3333E-01, 1.9867E+00,-4.2800E+01,
13:26:35.14685967, 9.3333E-02, 1.9867E+00,-4.2400E+01,
13:26:35.14685972, 9.3333E-02, 1.9600E+00,-4.2667E+01,
13:26:35.14685977, 1.2000E-01, 1.9200E+00,-4.2667E+01,
13:26:35.14685982, 1.2000E-01, 1.8933E+00,-4.2533E+01,
13:26:35.14685987, 1.0667E-01, 1.8800E+00,-4.2800E+01,
13:26:35.14685992, 1.2000E-01, 1.8800E+00,-4.2533E+01,
13:26:35.14685997, 1.0667E-01, 1.8800E+00,-4.2533E+01,
13:26:35.14686002, 9.3333E-02, 1.8400E+00,-4.2400E+01,
13:26:35.14686007, 1.0667E-01, 1.8133E+00,-4.2533E+01,
13:26:35.14686012, 1.0667E-01, 1.8133E+00,-4.2533E+01,
13:26:35.14686017, 1.0667E-01, 1.7867E+00,-4.2000E+01,
13:26:35.14686022, 9.3333E-02, 1.8000E+00,-4.2133E+01,
13:26:35.14686027, 1.0667E-01, 1.7333E+00,-4.2400E+01,
13:26:35.14686032, 8.0000E-02, 1.7200E+00,-4.2400E+01,
13:26:35.14686037, 8.0000E-02, 1.7200E+00,-4.2267E+01,
13:26:35.14686042, 1.0667E-01, 1.7067E+00,-4.2000E+01,
13:26:35.14686047, 9.3333E-02, 1.7067E+00,-4.2400E+01,
13:26:35.14686052, 8.0000E-02, 1.7067E+00,-4.2000E+01,
13:26:35.14686057, 6.6667E-02, 1.6533E+00,-4.1867E+01,
13:26:35.14686062, 8.0000E-02, 1.6800E+00,-4.1733E+01,
13:26:35.14686067, 8.0000E-02, 1.6133E+00,-4.1733E+01,
13:26:35.14686072, 8.0000E-02, 1.6267E+00,-4.1600E+01,
13:26:35.14686077, 6.6667E-02, 1.5733E+00,-4.1600E+01,
13:26:35.14686082, 8.0000E-02, 1.5867E+00,-4.1600E+01,
13:26:35.14686087, 8.0000E-02, 1.5600E+00,-4.1733E+01,
13:26:35.14686092, 6.6667E-02, 1.5467E+00,-4.1333E+01,
13:26:35.14686097, 8.0000E-02, 1.5067E+00,-4.0933E+01,
13:26:35.14686102, 8.0000E-02, 1.5067E+00,-4.0933E+01,
13:26:35.14686107, 5.3333E-02, 1.4800E+00,-4.1200E+01,
13:26:35.14686112, 5.3333E-02, 1.4800E+00,-4.0533E+01,
13:26:35.14686117, 8.0000E-02, 1.4267E+00,-4.0667E+01,
13:26:35.14686122, 2.6667E-02, 1.4667E+00,-4.0400E+01,
13:26:35.14686127, 8.0000E-02, 1.4267E+00,-4.0400E+01,
13:26:35.14686132, 8.0000E-02, 1.4267E+00,-4.0400E+01,
13:26:35.14686137, 4.0000E-02, 1.3867E+00,-4.0133E+01,
13:26:35.14686142, 6.6667E-02, 1.4133E+00,-4.0133E+01,
13:26:35.14686147, 5.3333E-02, 1.3600E+00,-4.0267E+01,
13:26:35.14686152, 8.0000E-02, 1.3200E+00,-4.0000E+01,
13:26:35.14686157, 2.6667E-02, 1.3467E+00,-4.0133E+01,
13:26:35.14686162, 4.0000E-02, 1.3467E+00,-3.9200E+01,
13:26:35.14686167, 5.3333E-02, 1.3200E+00,-3.9867E+01,
13:26:35.14686172, 5.3333E-02, 1.2933E+00,-3.9200E+01,
13:26:35.14686177, 1.3333E-02, 1.2800E+00,-3.9067E+01,
13:26:35.14686182, 6.6667E-02, 1.2933E+00,-3.9067E+01,
13:26:35.14686187, 4.0000E-02, 1.2667E+00,-3.8933E+01,
13:26:35.14686192, 5.3333E-02, 1.2400E+00,-3.8800E+01,
13:26:35.14686197, 1.3333E-02, 1.2400E+00,-3.8533E+01,
13:26:35.14686202, 0.0000E+00, 1.2267E+00,-3.8400E+01,
13:26:35.14686207, 5.3333E-02, 1.2267E+00,-3.8267E+01,
13:26:35.14686212, 1.3333E-02, 1.1733E+00,-3.7867E+01,
13:26:35.14686217, 1.3333E-02, 1.1600E+00,-3.8000E+01,
13:26:35.14686222, 4.0000E-02, 1.1733E+00,-3.7600E+01,
13:26:35.14686227, 4.0000E-02, 1.1733E+00,-3.7600E+01,
13:26:35.14686232, 2.6667E-02, 1.1467E+00,-3.7333E+01,
13:26:35.14686237, 4.0000E-02, 1.1600E+00,-3.7600E+01,
13:26:35.14686242, 4.0000E-02, 1.1067E+00,-3.7333E+01,
13:26:35.14686247, 1.3333E-02, 1.0800E+00,-3.6933E+01,
13:26:35.14686252,-1.3333E-02, 1.0800E+00,-3.6533E+01,
13:26:35.14686257, 0.0000E+00, 1.0533E+00,-3.6267E+01,
13:26:35.14686262, 0.0000E+00, 1.0933E+00,-3.6267E+01,
13:26:35.14686267,-1.3333E-02, 1.0533E+00,-3.6133E+01,
13:26:35.14686272, 1.3333E-02, 1.0400E+00,-3.5600E+01,
13:26:35.14686277, 0.0000E+00, 1.0533E+00,-3.5333E+01,
13:26:35.14686282, 0.0000E+00, 1.0267E+00,-3.5467E+01,
13:26:35.14686287, 2.6667E-02, 1.0133E+00,-3.5200E+01,
13:26:35.14686292, 0.0000E+00, 1.0000E+00,-3.5067E+01,
13:26:35.14686297, 1.3333E-02, 1.0000E+00,-3.4800E+01,
13:26:35.14686302, 0.0000E+00, 1.0000E+00,-3.4400E+01,
13:26:35.14686307, 1.3333E-02, 9.8667E-01,-3.4400E+01,
13:26:35.14686312, 0.0000E+00, 9.3333E-01,-3.4133E+01,
13:26:35.14686317, 2.6667E-02, 9.2000E-01,-3.3867E+01,
13:26:35.14686322,-1.3333E-02, 9.3333E-01,-3.3733E+01,
13:26:35.14686327, 0.0000E+00, 9.0667E-01,-3.3600E+01,
13:26:35.14686332,-1.3333E-02, 9.0667E-01,-3.3333E+01,
13:26:35.14686337, 0.0000E+00, 8.9333E-01,-3.3067E+01,
13:26:35.14686342,-1.3333E-02, 8.6667E-01,-3.2800E+01,
13:26:35.14686347,-2.6667E-02, 8.8000E-01,-3.2533E+01,
13:26:35.14686352, 0.0000E+00, 8.4000E-01,-3.2400E+01,
13:26:35.14686357,-2.6667E-02, 8.5333E-01,-3.1733E+01,
13:26:35.14686362,-1.3333E-02, 8.4000E-01,-3.2000E+01,
13:26:35.14686367,-5.3333E-02, 8.5333E-01,-3.1333E+01,
13:26:35.14686372,-2.6667E-02, 8.2667E-01,-3.1200E+01,
13:26:35.14686377,-4.0000E-02, 8.2667E-01,-3.1333E+01,
13:26:35.14686382,-1.3333E-02, 8.2667E-01,-3.0933E+01,
13:26:35.14686387,-4.0000E-02, 8.1333E-01,-3.0800E+01,
13:26:35.14686392,-1.3333E-02, 8.0000E-01,-3.0533E+01,
13:26:35.14686397,-5.3333E-02, 7.8667E-01,-3.0267E+01,
13:26:35.14686402, 0.0000E+00, 7.6000E-01,-3.0000E+01,
13:26:35.14686407,-2.6667E-02, 7.7333E-01,-2.9467E+01,
13:26:35.14686412,-4.0000E-02, 7.4667E-01,-2.9200E+01,
13:26:35.14686417,-4.0000E-02, 7.4667E-01,-2.9067E+01,
13:26:35.14686422, 0.0000E+00, 7.4667E-01,-2.8800E+01,
13:26:35.14686427,-5.3333E-02, 7.3333E-01,-2.8933E+01,
13:26:35.14686432,-4.0000E-02, 7.3333E-01,-2.8267E+01,
13:26:35.14686437,-1.3333E-02, 7.3333E-01,-2.8133E+01,
13:26:35.14686442,-8.0000E-02, 7.0667E-01,-2.7467E+01,
13:26:35.14686447,-8.0000E-02, 7.4667E-01,-2.7600E+01,
13:26:35.14686452,-6.6667E-02, 6.9333E-01,-2.7467E+01,
13:26:35.14686457,-4.0000E-02, 6.9333E-01,-2.7067E+01,
13:26:35.14686462,-4.0000E-02, 6.8000E-01,-2.6933E+01,
13:26:35.14686467,-1.3333E-02, 6.9333E-01,-2.6400E+01,
13:26:35.14686472,-2.6667E-02, 6.8000E-01,-2.6533E+01,
13:26:35.14686477,-4.0000E-02, 6.8000E-01,-2.6000E+01,
13:26:35.14686482,-4.0000E-02, 6.8000E-01,-2.6000E+01,
13:26:35.14686487,-8.0000E-02, 6.6667E-01,-2.5333E+01,
13:26:35.14686492,-6.6667E-02, 6.8000E-01,-2.5467E+01,
13:26:35.14686497,-6.6667E-02, 6.4000E-01,-2.4933E+01,
13:26:35.14686502,-4.0000E-02, 6.2667E-01,-2.4667E+01,
13:26:35.14686507,-8.0000E-02, 6.1333E-01,-2.4400E+01,
13:26:35.14686512,-4.0000E-02, 6.2667E-01,-2.4000E+01,
13:26:35.14686517,-8.0000E-02, 6.1333E-01,-2.3733E+01,
13:26:35.14686522,-8.0000E-02, 6.2667E-01,-2.3600E+01,
13:26:35.14686527,-5.3333E-02, 6.1333E-01,-2.3600E+01,
13:26:35.14686532,-4.0000E-02, 6.0000E-01,-2.3067E+01,
13:26:35.14686537,-6.6667E-02, 6.1333E-01,-2.2800E+01,
13:26:35.14686542,-8.0000E-02, 5.8667E-01,-2.2267E+01,
13:26:35.14686547,-5.3333E-02, 5.7333E-01,-2.2000E+01,
13:26:35.14686552,-5.3333E-02, 5.7333E-01,-2.1733E+01,
13:26:35.14686557,-5.3333E-02, 5.7333E-01,-2.1733E+01,
13:26:35.14686562,-8.0000E-02, 5.4667E-01,-2.1067E+01,
13:26:35.14686567,-5.3333E-02, 5.4667E-01,-2.0800E+01,
13:26:35.14686572,-6.6667E-02, 5.6000E-01,-2.0533E+01,
13:26:35.14686577,-6.6667E-02, 5.3333E-01,-2.0400E+01,
13:26:35.14686582,-8.0000E-02, 5.4667E-01,-2.0133E+01,
13:26:35.14686587,-6.6667E-02, 5.4667E-01,-2.0000E+01,
13:26:35.14686592,-6.6667E-02, 5.0667E-01,-1.9600E+01,
13:26:35.14686597,-8.0000E-02, 5.6000E-01,-1.9467E+01,
13:26:35.14686602,-8.0000E-02, 5.6000E-01,-1.8933E+01,
13:26:35.14686607,-5.3333E-02, 5.2000E-01,-1.8667E+01,
13:26:35.14686612,-6.6667E-02, 5.0667E-01,-1.8533E+01,
13:26:35.14686617,-5.3333E-02, 5.0667E-01,-1.8133E+01,
13:26:35.14686622,-4.0000E-02, 5.0667E-01,-1.7733E+01,
13:26:35.14686627,-8.0000E-02, 4.9333E-01,-1.7333E+01,
13:26:35.14686632,-8.0000E-02, 5.0667E-01,-1.7333E+01,
13:26:35.14686637,-8.0000E-02, 5.2000E-01,-1.7067E+01,
13:26:35.14686642,-1.0667E-01, 4.9333E-01,-1.6400E+01,
13:26:35.14686647,-9.3333E-02, 5.0667E-01,-1.6400E+01,
13:26:35.14686652,-6.6667E-02, 5.0667E-01,-1.5867E+01,
13:26:35.14686657,-6.6667E-02, 5.2000E-01,-1.6000E+01,
13:26:35.14686662,-6.6667E-02, 5.2000E-01,-1.5600E+01,
13:26:35.14686667,-9.3333E-02, 4.8000E-01,-1.5200E+01,
13:26:35.14686672,-8.0000E-02, 5.0667E-01,-1.4933E+01,
13:26:35.14686677,-8.0000E-02, 4.8000E-01,-1.4533E+01,
13:26:35.14686682,-9.3333E-02, 4.8000E-01,-1.4267E+01,
13:26:35.14686687,-1.0667E-01, 4.8000E-01,-1.3733E+01,
13:26:35.14686692,-8.0000E-02, 4.8000E-01,-1.3200E+01,
13:26:35.14686697,-4.0000E-02, 4.9333E-01,-1.3333E+01,
13:26:35.14686702,-8.0000E-02, 4.8000E-01,-1.3067E+01,
13:26:35.14686707,-6.6667E-02, 4.8000E-01,-1.2933E+01,
13:26:35.14686712,-8.0000E-02, 4.8000E-01,-1.2667E+01,
13:26:35.14686717,-6.6667E-02, 4.8000E-01,-1.2400E+01,
13:26:35.14686722,-5.3333E-02, 4.8000E-01,-1.2133E+01,
13:26:35.14686727,-8.0000E-02, 4.6667E-01,-1.1733E+01,
13:26:35.14686732,-9.3333E-02, 4.8000E-01,-1.1333E+01,
13:26:35.14686737,-8.0000E-02, 4.8000E-01,-1.0933E+01,
13:26:35.14686742,-5.3333E-02, 4.6667E-01,-1.0800E+01,
13:26:35.14686747,-8.0000E-02, 4.5333E-01,-1.0400E+01,
13:26:35.14686752,-8.0000E-02, 4.6667E-01,-1.0267E+01,
13:26:35.14686757,-9.3333E-02, 4.8000E-01,-9.7333E+00,
13:26:35.14686762,-6.6667E-02, 4.8000E-01,-9.4667E+00,
13:26:35.14686767,-8.0000E-02, 4.8000E-01,-9.4667E+00,
13:26:35.14686772,-8.0000E-02, 4.8000E-01,-8.9333E+00,
13:26:35.14686777,-1.0667E-01, 4.8000E-01,-8.9333E+00,
13:26:35.14686782,-8.0000E-02, 4.6667E-01,-8.5333E+00,
13:26:35.14686787,-1.0667E-01, 4.8000E-01,-8.2667E+00,
13:26:35.14686792,-8.0000E-02, 4.8000E-01,-7.7333E+00,
13:26:35.14686797,-8.0000E-02, 4.8000E-01,-7.4667E+00,
13:26:35.14686802,-8.0000E-02, 4.8000E-01,-7.3333E+00,
13:26:35.14686807,-8.0000E-02, 4.8000E-01,-6.9333E+00,
13:26:35.14686812,-8.0000E-02, 4.8000E-01,-6.8000E+00,
13:26:35.14686817,-6.6667E-02, 4.8000E-01,-6.4000E+00,
13:26:35.14686822,-8.0000E-02, 4.8000E-01,-6.1333E+00,
13:26:35.14686827,-8.0000E-02, 4.8000E-01,-6.0000E+00,
13:26:35.14686832,-8.0000E-02, 4.8000E-01,-5.4667E+00,
13:26:35.14686837,-6.6667E-02, 5.2000E-01,-5.2000E+00,
13:26:35.14686842,-8.0000E-02, 4.9333E-01,-4.8000E+00,
13:26:35.14686847,-5.3333E-02, 4.9333E-01,-4.8000E+00,
13:26:35.14686852,-6.6667E-02, 5.2000E-01,-4.5333E+00,
13:26:35.14686857,-5.3333E-02, 5.2000E-01,-4.1333E+00,
13:26:35.14686862,-6.6667E-02, 5.0667E-01,-4.2667E+00,
13:26:35.14686867,-6.6667E-02, 4.8000E-01,-3.4667E+00,
13:26:35.14686872,-8.0000E-02, 4.8000E-01,-3.3333E+00,
13:26:35.14686877,-9.3333E-02, 5.0667E-01,-3.2000E+00,
13:26:35.14686882,-8.0000E-02, 5.2000E-01,-2.5333E+00,
13:26:35.14686887,-5.3333E-02, 5.0667E-01,-2.2667E+00,
13:26:35.14686892,-8.0000E-02, 5.0667E-01,-2.0000E+00,
13:26:35.14686897,-5.3333E-02, 4.9333E-01,-1.8667E+00,
13:26:35.14686902,-5.3333E-02, 5.2000E-01,-1.7333E+00,
13:26:35.14686907,-8.0000E-02, 5.2000E-01,-1.7333E+00,
13:26:35.14686912,-8.0000E-02, 5.4667E-01,-1.0667E+00,
13:26:35.14686917,-6.6667E-02, 5.4667E-01,-8.0000E-01,
13:26:35.14686922,-8.0000E-02, 5.3333E-01,-4.0000E-01,
13:26:35.14686927,-8.0000E-02, 5.4667E-01,-1.3333E-01,
13:26:35.14686932,-8.0000E-02, 5.3333E-01, 0.0000E+00,
13:26:35.14686937,-8.0000E-02, 5.4667E-01, 4.0000E-01,
13:26:35.14686942,-5.3333E-02, 5.2000E-01, 5.3333E-01,
13:26:35.14686947,-4.0000E-02, 5.8667E-01, 8.0000E-01,
13:26:35.14686952,-5.3333E-02, 5.4667E-01, 1.0667E+00,
13:26:35.14686957,-5.3333E-02, 5.6000E-01, 1.3333E+00,
13:26:35.14686962,-4.0000E-02, 5.8667E-01, 1.6000E+00,
13:26:35.14686967,-8.0000E-02, 5.6000E-01, 2.0000E+00,
13:26:35.14686972,-8.0000E-02, 5.6000E-01, 2.0000E+00,
13:26:35.14686977,-8.0000E-02, 5.6000E-01, 2.2667E+00,
13:26:35.14686982,-4.0000E-02, 5.7333E-01, 2.4000E+00,
13:26:35.14686987,-8.0000E-02, 5.8667E-01, 2.6667E+00,
13:26:35.14686992,-4.0000E-02, 6.0000E-01, 3.0667E+00,
13:26:35.14686997, 0.0000E+00, 6.1333E-01, 3.4667E+00,
13:26:35.14687002,-6.6667E-02, 6.1333E-01, 3.4667E+00,
13:26:35.14687007,-5.3333E-02, 6.1333E-01, 4.0000E+00,
13:26:35.14687012,-5.3333E-02, 6.5333E-01, 4.0000E+00,
13:26:35.14687017,-6.6667E-02, 6.1333E-01, 4.8000E+00,
13:26:35.14687022,-6.6667E-02, 6.2667E-01, 4.5333E+00,
13:26:35.14687027,-4.0000E-02, 6.2667E-01, 4.9333E+00,
13:26:35.14687032,-6.6667E-02, 6.2667E-01, 5.2000E+00,
13:26:35.14687037,-4.0000E-02, 6.5333E-01, 5.0667E+00,
13:26:35.14687042,-5.3333E-02, 6.5333E-01, 5.7333E+00,
13:26:35.14687047,-2.6667E-02, 6.5333E-01, 5.7333E+00,
13:26:35.14687052,-5.3333E-02, 6.8000E-01, 6.1333E+00,
13:26:35.14687057,-6.6667E-02, 6.9333E-01, 6.1333E+00,
13:26:35.14687062,-4.0000E-02, 6.5333E-01, 6.4000E+00,
13:26:35.14687067,-4.0000E-02, 7.2000E-01, 6.8000E+00,
13:26:35.14687072,-5.3333E-02, 7.3333E-01, 7.3333E+00,
13:26:35.14687077,-5.3333E-02, 7.3333E-01, 7.4667E+00,
13:26:35.14687082,-4.0000E-02, 7.4667E-01, 7.8667E+00,
13:26:35.14687087,-5.3333E-02, 7.4667E-01, 7.7333E+00,
13:26:35.14687092,-5.3333E-02, 7.3333E-01, 7.7333E+00,
13:26:35.14687097,-4.0000E-02, 7.4667E-01, 8.5333E+00,
13:26:35.14687102,-1.3333E-02, 7.4667E-01, 8.5333E+00,
13:26:35.14687107,-4.0000E-02, 7.6000E-01, 8.5333E+00,
13:26:35.14687112,-5.3333E-02, 7.6000E-01, 8.6667E+00,
13:26:35.14687117,-6.6667E-02, 7.7333E-01, 9.0667E+00,
13:26:35.14687122,-5.3333E-02, 7.8667E-01, 9.0667E+00,
13:26:35.14687127,-2.6667E-02, 8.0000E-01, 9.4667E+00,
13:26:35.14687132,-5.3333E-02, 8.0000E-01, 9.6000E+00,
13:26:35.14687137,-2.6667E-02, 7.8667E-01, 1.0000E+01,
13:26:35.14687142,-2.6667E-02, 8.2667E-01, 1.0267E+01,
13:26:35.14687147,-1.3333E-02, 8.4000E-01, 1.0533E+01,
13:26:35.14687152,-4.0000E-02, 8.6667E-01, 1.0133E+01,
13:26:35.14687157,-5.3333E-02, 8.5333E-01, 1.0933E+01,
13:26:35.14687162,-2.6667E-02, 8.6667E-01, 1.0533E+01,
13:26:35.14687167,-4.0000E-02, 8.9333E-01, 1.1200E+01,
13:26:35.14687172,-4.0000E-02, 8.6667E-01, 1.1067E+01,
13:26:35.14687177,-1.3333E-02, 8.9333E-01, 1.1200E+01,
13:26:35.14687182, 1.3333E-02, 8.8000E-01, 1.1733E+01,
13:26:35.14687187,-1.3333E-02, 9.2000E-01, 1.1867E+01,
13:26:35.14687192, 1.3333E-02, 9.0667E-01, 1.2133E+01,
13:26:35.14687197,-1.3333E-02, 9.0667E-01, 1.2133E+01,
13:26:35.14687202,-1.3333E-02, 9.4667E-01, 1.2667E+01,
13:26:35.14687207,-2.6667E-02, 8.9333E-01, 1.2400E+01,
13:26:35.14687212, 0.0000E+00, 9.6000E-01, 1.2667E+01,
13:26:35.14687217, 0.0000E+00, 9.4667E-01, 1.3067E+01,
13:26:35.14687222, 0.0000E+00, 9.4667E-01, 1.3067E+01,
13:26:35.14687227,-4.0000E-02, 9.6000E-01, 1.3200E+01,
13:26:35.14687232,-1.3333E-02, 1.0133E+00, 1.3600E+01,
13:26:35.14687237, 0.0000E+00, 9.7333E-01, 1.3733E+01,
13:26:35.14687242,-1.3333E-02, 1.0267E+00, 1.4000E+01,
13:26:35.14687247, 1.3333E-02, 9.8667E-01, 1.3867E+01,
13:26:35.14687252, 2.6667E-02, 1.0000E+00, 1.4400E+01,
13:26:35.14687257,-1.3333E-02, 1.0267E+00, 1.4400E+01,
13:26:35.14687262,-1.3333E-02, 1.0267E+00, 1.4667E+01,
13:26:35.14687267, 0.0000E+00, 1.0667E+00, 1.4533E+01,
13:26:35.14687272, 2.6667E-02, 1.0267E+00, 1.4800E+01,
13:26:35.14687277,-1.3333E-02, 1.0400E+00, 1.4800E+01,
13:26:35.14687282, 0.0000E+00, 1.0800E+00, 1.5200E+01,
13:26:35.14687287, 2.6667E-02, 1.0933E+00, 1.5733E+01,
13:26:35.14687292, 2.6667E-02, 1.1200E+00, 1.5733E+01,
13:26:35.14687297, 1.3333E-02, 1.1067E+00, 1.5733E+01,
13:26:35.14687302, 2.6667E-02, 1.1067E+00, 1.5600E+01,
13:26:35.14687307,-1.3333E-02, 1.1333E+00, 1.5733E+01,
13:26:35.14687312, 1.3333E-02, 1.1600E+00, 1.6000E+01,
13:26:35.14687317, 5.3333E-02, 1.1467E+00, 1.6267E+01,
13:26:35.14687322, 1.3333E-02, 1.1733E+00, 1.6267E+01,
13:26:35.14687327, 1.3333E-02, 1.1467E+00, 1.6533E+01,
13:26:35.14687332, 4.0000E-02, 1.1600E+00, 1.7067E+01,
13:26:35.14687337, 4.0000E-02, 1.1733E+00, 1.7067E+01,
13:26:35.14687342, 6.6667E-02, 1.1733E+00, 1.6667E+01,
13:26:35.14687347, 2.6667E-02, 1.1600E+00, 1.7333E+01,
13:26:35.14687352, 4.0000E-02, 1.2000E+00, 1.7067E+01,
13:26:35.14687357, 1.3333E-02, 1.2000E+00, 1.7600E+01,
13:26:35.14687362,-2.6667E-02, 1.2267E+00, 1.7200E+01,
13:26:35.14687367, 1.3333E-02, 1.2400E+00, 1.7733E+01,
13:26:35.14687372, 4.0000E-02, 1.2400E+00, 1.7600E+01,
13:26:35.14687377, 5.3333E-02, 1.2400E+00, 1.8133E+01,
13:26:35.14687382, 2.6667E-02, 1.2667E+00, 1.8267E+01,
13:26:35.14687387, 6.6667E-02, 1.2533E+00, 1.8267E+01,
13:26:35.14687392, 4.0000E-02, 1.2933E+00, 1.8400E+01,
13:26:35.14687397, 5.3333E-02, 1.2933E+00, 1.8133E+01,
13:26:35.14687402, 4.0000E-02, 1.2933E+00, 1.8400E+01,
13:26:35.14687407, 1.3333E-02, 1.2933E+00, 1.8667E+01,
13:26:35.14687412, 4.0000E-02, 1.3333E+00, 1.8667E+01,
13:26:35.14687417, 0.0000E+00, 1.3067E+00, 1.9200E+01,
13:26:35.14687422, 4.0000E-02, 1.3333E+00, 1.9067E+01,
13:26:35.14687427, 4.0000E-02, 1.3733E+00, 1.9200E+01,
13:26:35.14687432, 8.0000E-02, 1.3467E+00, 1.9333E+01,
13:26:35.14687437, 5.3333E-02, 1.3600E+00, 1.9200E+01,
13:26:35.14687442, 4.0000E-02, 1.3467E+00, 1.9467E+01,
13:26:35.14687447, 4.0000E-02, 1.3867E+00, 1.9467E+01,
13:26:35.14687452, 2.6667E-02, 1.4000E+00, 1.9600E+01,
13:26:35.14687457, 2.6667E-02, 1.4133E+00, 1.9733E+01,
13:26:35.14687462, 5.3333E-02, 1.4000E+00, 1.9600E+01,
13:26:35.14687467, 8.0000E-02, 1.4267E+00, 2.0133E+01,
13:26:35.14687472, 5.3333E-02, 1.4267E+00, 2.0133E+01,
13:26:35.14687477, 5.3333E-02, 1.4533E+00, 2.0133E+01,
13:26:35.14687482, 9.3333E-02, 1.4667E+00, 2.0267E+01,
13:26:35.14687487, 5.3333E-02, 1.4667E+00, 2.0267E+01,
13:26:35.14687492, 6.6667E-02, 1.5067E+00, 2.0533E+01,
13:26:35.14687497, 5.3333E-02, 1.5067E+00, 2.0267E+01,
13:26:35.14687502, 5.3333E-02, 1.5200E+00, 2.0533E+01,
13:26:35.14687507, 5.3333E-02, 1.5067E+00, 2.0400E+01,
13:26:35.14687512, 2.6667E-02, 1.5333E+00, 2.0533E+01,
13:26:35.14687517, 6.6667E-02, 1.5200E+00, 2.0533E+01,
13:26:35.14687522, 6.6667E-02, 1.5333E+00, 2.0800E+01,
13:26:35.14687527, 5.3333E-02, 1.5733E+00, 2.0933E+01,
13:26:35.14687532, 6.6667E-02, 1.5467E+00, 2.1200E+01,
13:26:35.14687537, 6.6667E-02, 1.5467E+00, 2.1200E+01,
13:26:35.14687542, 5.3333E-02, 1.6133E+00, 2.1200E+01,
13:26:35.14687547, 8.0000E-02, 1.6000E+00, 2.1200E+01,
13:26:35.14687552, 6.6667E-02, 1.6000E+00, 2.1600E+01,
13:26:35.14687557, 8.0000E-02, 1.6133E+00, 2.1200E+01,
13:26:35.14687562, 6.6667E-02, 1.6133E+00, 2.1600E+01,
13:26:35.14687567, 1.0667E-01, 1.6400E+00, 2.1200E+01,
13:26:35.14687572, 8.0000E-02, 1.6400E+00, 2.1600E+01,
13:26:35.14687577, 9.3333E-02, 1.6667E+00, 2.1867E+01,
13:26:35.14687582, 8.0000E-02, 1.6667E+00, 2.1867E+01,
13:26:35.14687587, 6.6667E-02, 1.6400E+00, 2.1467E+01,
13:26:35.14687592, 8.0000E-02, 1.6400E+00, 2.1467E+01,
13:26:35.14687597, 6.6667E-02, 1.6933E+00, 2.1600E+01,
13:26:35.14687602, 6.6667E-02, 1.7067E+00, 2.1867E+01,
13:26:35.14687607, 6.6667E-02, 1.7467E+00, 2.1867E+01,
13:26:35.14687612, 8.0000E-02, 1.7067E+00, 2.1733E+01,
13:26:35.14687617, 8.0000E-02, 1.7067E+00, 2.1867E+01,
13:26:35.14687622, 9.3333E-02, 1.7467E+00, 2.2133E+01,
13:26:35.14687627, 8.0000E-02, 1.7467E+00, 2.2267E+01,
13:26:35.14687632, 8.0000E-02, 1.7333E+00, 2.1867E+01,
13:26:35.14687637, 8.0000E-02, 1.7333E+00, 2.2133E+01,
13:26:35.14687642, 8.0000E-02, 1.8000E+00, 2.2133E+01,
13:26:35.14687647, 1.0667E-01, 1.7867E+00, 2.1867E+01,
13:26:35.14687652, 8.0000E-02, 1.7733E+00, 2.2133E+01,
13:26:35.14687657, 8.0000E-02, 1.8267E+00, 2.2267E+01,
13:26:35.14687662, 8.0000E-02, 1.8267E+00, 2.2133E+01,
13:26:35.14687667, 8.0000E-02, 1.8400E+00, 2.2000E+01,
13:26:35.14687672, 8.0000E-02, 1.8400E+00, 2.2267E+01,
13:26:35.14687677, 1.0667E-01, 1.8400E+00, 2.1867E+01,
13:26:35.14687682, 8.0000E-02, 1.8400E+00, 2.2533E+01,
13:26:35.14687687, 8.0000E-02, 1.8667E+00, 2.2133E+01,
13:26:35.14687692, 8.0000E-02, 1.9067E+00, 2.2267E+01,
13:26:35.14687697, 1.0667E-01, 1.9067E+00, 2.2400E+01,
13:26:35.14687702, 1.2000E-01, 1.9067E+00, 2.2133E+01,
13:26:35.14687707, 1.0667E-01, 1.9200E+00, 2.2133E+01,
13:26:35.14687712, 1.0667E-01, 1.8933E+00, 2.2267E+01,
13:26:35.14687717, 1.0667E-01, 1.9467E+00, 2.2267E+01,
13:26:35.14687722, 9.3333E-02, 1.9600E+00, 2.2667E+01,
13:26:35.14687727, 8.0000E-02, 1.9467E+00, 2.2400E+01,
13:26:35.14687732, 8.0000E-02, 1.9867E+00, 2.2533E+01,
13:26:35.14687737, 9.3333E-02, 1.9733E+00, 2.2133E+01,
13:26:35.14687742, 9.3333E-02, 1.9867E+00, 2.2133E+01,
13:26:35.14687747, 1.0667E-01, 2.0133E+00, 2.2133E+01,
13:26:35.14687752, 1.3333E-01, 1.9867E+00, 2.2000E+01,
13:26:35.14687757, 9.3333E-02, 2.0267E+00, 2.2267E+01,
13:26:35.14687762, 1.0667E-01, 2.0133E+00, 2.2400E+01,
13:26:35.14687767, 1.0667E-01, 2.0267E+00, 2.2133E+01,
13:26:35.14687772, 1.2000E-01, 2.0000E+00, 2.2133E+01,
13:26:35.14687777, 1.2000E-01, 2.0533E+00, 2.2400E+01,
13:26:35.14687782, 9.3333E-02, 2.0667E+00, 2.2000E+01,
13:26:35.14687787, 9.3333E-02, 2.0800E+00, 2.2533E+01,
13:26:35.14687792, 9.3333E-02, 2.0667E+00, 2.2133E+01,
13:26:35.14687797, 1.0667E-01, 2.0667E+00, 2.2267E+01,
13:26:35.14687802, 9.3333E-02, 2.0933E+00, 2.2000E+01,
13:26:35.14687807, 1.3333E-01, 2.0800E+00, 2.2267E+01,
13:26:35.14687812, 1.0667E-01, 2.1067E+00, 2.2267E+01,
13:26:35.14687817, 1.3333E-01, 2.1067E+00, 2.2000E+01,
13:26:35.14687822, 1.0667E-01, 2.1200E+00, 2.2267E+01,
13:26:35.14687827, 1.0667E-01, 2.1467E+00, 2.2000E+01,
13:26:35.14687832, 1.2000E-01, 2.1733E+00, 2.1867E+01,
13:26:35.14687837, 1.2000E-01, 2.1733E+00, 2.1733E+01,
13:26:35.14687842, 1.0667E-01, 2.1467E+00, 2.1867E+01,
13:26:35.14687847, 1.2000E-01, 2.1867E+00, 2.2133E+01,
13:26:35.14687852, 1.3333E-01, 2.2000E+00, 2.1600E+01,
13:26:35.14687857, 1.3333E-01, 2.2000E+00, 2.1467E+01,
13:26:35.14687862, 1.2000E-01, 2.1733E+00, 2.1600E+01,
13:26:35.14687867, 1.0667E-01, 2.2133E+00, 2.1733E+01,
13:26:35.14687872, 1.3333E-01, 2.2133E+00, 2.1600E+01,
13:26:35.14687877, 1.0667E-01, 2.2533E+00, 2.1467E+01,
13:26:35.14687882, 1.2000E-01, 2.2667E+00, 2.1333E+01,
13:26:35.14687887, 9.3333E-02, 2.2533E+00, 2.1467E+01,
13:26:35.14687892, 1.2000E-01, 2.2800E+00, 2.1200E+01,
13:26:35.14687897, 1.3333E-01, 2.2800E+00, 2.1200E+01,
13:26:35.14687902, 1.2000E-01, 2.2933E+00, 2.1200E+01,
13:26:35.14687907, 1.6000E-01, 2.2800E+00, 2.1200E+01,
13:26:35.14687912, 1.4667E-01, 2.3067E+00, 2.1200E+01,
13:26:35.14687917, 1.6000E-01, 2.2933E+00, 2.0933E+01,
13:26:35.14687922, 1.3333E-01, 2.3200E+00, 2.1067E+01,
13:26:35.14687927, 1.4667E-01, 2.3600E+00, 2.1200E+01,
13:26:35.14687932, 9.3333E-02, 2.3467E+00, 2.0800E+01,
13:26:35.14687937, 1.2000E-01, 2.3200E+00, 2.0533E+01,
13:26:35.14687942, 1.3333E-01, 2.3733E+00, 2.0533E+01,
13:26:35.14687947, 1.0667E-01, 2.3733E+00, 2.0533E+01,
13:26:35.14687952, 1.2000E-01, 2.3733E+00, 2.0533E+01,
13:26:35.14687957, 1.2000E-01, 2.3867E+00, 2.0533E+01,
13:26:35.14687962, 1.4667E-01, 2.3867E+00, 2.0133E+01,
13:26:35.14687967, 1.6000E-01, 2.4133E+00, 2.0533E+01,
13:26:35.14687972, 1.4667E-01, 2.4267E+00, 2.0133E+01,
13:26:35.14687977, 1.3333E-01, 2.4267E+00, 2.0000E+01,
13:26:35.14687982, 1.2000E-01, 2.4133E+00, 2.0133E+01,
13:26:35.14687987, 1.3333E-01, 2.4533E+00, 2.0000E+01,
13:26:35.14687992, 1.0667E-01, 2.4533E+00, 1.9733E+01,
13:26:35.14687997, 1.4667E-01, 2.4133E+00, 1.9733E+01,
13:26:35.14688002, 1.3333E-01, 2.4667E+00, 1.9600E+01,
13:26:35.14688007, 1.6000E-01, 2.4533E+00, 1.9200E+01,
13:26:35.14688012, 1.7333E-01, 2.4933E+00, 1.9467E+01,
13:26:35.14688017, 1.4667E-01, 2.4800E+00, 1.9333E+01,
13:26:35.14688022, 1.6000E-01, 2.4667E+00, 1.9333E+01,
13:26:35.14688027, 1.3333E-01, 2.5200E+00, 1.8933E+01,
13:26:35.14688032, 1.3333E-01, 2.5200E+00, 1.9200E+01,
13:26:35.14688037, 1.3333E-01, 2.4933E+00, 1.8533E+01,
13:26:35.14688042, 1.6000E-01, 2.5200E+00, 1.8533E+01,
13:26:35.14688047, 1.4667E-01, 2.5200E+00, 1.8533E+01,
13:26:35.14688052, 1.2000E-01, 2.5200E+00, 1.8667E+01,
13:26:35.14688057, 1.4667E-01, 2.5600E+00, 1.8667E+01,
13:26:35.14688062, 1.2000E-01, 2.5333E+00, 1.8533E+01,
13:26:35.14688067, 1.7333E-01, 2.5467E+00, 1.8400E+01,
13:26:35.14688072, 1.3333E-01, 2.5733E+00, 1.8400E+01,
13:26:35.14688077, 1.2000E-01, 2.5467E+00, 1.8133E+01,
13:26:35.14688082, 1.0667E-01, 2.5467E+00, 1.7733E+01,
13:26:35.14688087, 1.4667E-01, 2.5600E+00, 1.7733E+01,
13:26:35.14688092, 1.2000E-01, 2.5867E+00, 1.7733E+01,
13:26:35.14688097, 1.3333E-01, 2.6000E+00, 1.7467E+01,
13:26:35.14688102, 1.4667E-01, 2.6133E+00, 1.7467E+01,
13:26:35.14688107, 1.4667E-01, 2.6133E+00, 1.7333E+01,
13:26:35.14688112, 1.4667E-01, 2.6400E+00, 1.7067E+01,
13:26:35.14688117, 1.6000E-01, 2.6133E+00, 1.7333E+01,
13:26:35.14688122, 1.0667E-01, 2.6400E+00, 1.6933E+01,
13:26:35.14688127, 1.4667E-01, 2.6533E+00, 1.6933E+01,
13:26:35.14688132, 1.7333E-01, 2.6267E+00, 1.6533E+01,
13:26:35.14688137, 1.7333E-01, 2.6267E+00, 1.6533E+01,
13:26:35.14688142, 1.2000E-01, 2.6800E+00, 1.6667E+01,
13:26:35.14688147, 1.7333E-01, 2.6533E+00, 1.6267E+01,
13:26:35.14688152, 1.6000E-01, 2.6800E+00, 1.6133E+01,
13:26:35.14688157, 1.3333E-01, 2.6667E+00, 1.6133E+01,
13:26:35.14688162, 1.3333E-01, 2.6667E+00, 1.6000E+01,
13:26:35.14688167, 1.3333E-01, 2.7067E+00, 1.5733E+01,
13:26:35.14688172, 1.3333E-01, 2.6667E+00, 1.5733E+01,
13:26:35.14688177, 1.7333E-01, 2.6933E+00, 1.5200E+01,
13:26:35.14688182, 1.4667E-01, 2.7067E+00, 1.5467E+01,
13:26:35.14688187, 1.7333E-01, 2.7333E+00, 1.5067E+01,
13:26:35.14688192, 1.6000E-01, 2.6933E+00, 1.5200E+01,
13:26:35.14688197, 1.7333E-01, 2.7600E+00, 1.5067E+01,
13:26:35.14688202, 1.3333E-01, 2.7067E+00, 1.5200E+01,
13:26:35.14688207, 1.7333E-01, 2.7200E+00, 1.4800E+01,
13:26:35.14688212, 1.3333E-01, 2.7333E+00, 1.4400E+01,
13:26:35.14688217, 1.2000E-01, 2.7467E+00, 1.4667E+01,
13:26:35.14688222, 1.4667E-01, 2.7733E+00, 1.4400E+01,
13:26:35.14688227, 1.2000E-01, 2.7333E+00, 1.4400E+01,
13:26:35.14688232, 1.8667E-01, 2.7333E+00, 1.4000E+01,
13:26:35.14688237, 1.7333E-01, 2.7467E+00, 1.4000E+01,
13:26:35.14688242, 1.7333E-01, 2.7600E+00, 1.3733E+01,
13:26:35.14688247, 1.6000E-01, 2.7600E+00, 1.3333E+01,
13:26:35.14688252, 1.7333E-01, 2.7600E+00, 1.3467E+01,
13:26:35.14688257, 1.6000E-01, 2.7467E+00, 1.3467E+01,
13:26:35.14688262, 1.4667E-01, 2.7867E+00, 1.3200E+01,
13:26:35.14688267, 1.4667E-01, 2.7600E+00, 1.3200E+01,
13:26:35.14688272, 1.4667E-01, 2.7867E+00, 1.2933E+01,
13:26:35.14688277, 1.4667E-01, 2.7733E+00, 1.3067E+01,
13:26:35.14688282, 1.4667E-01, 2.7733E+00, 1.2800E+01,
13:26:35.14688287, 1.4667E-01, 2.8000E+00, 1.2267E+01,
13:26:35.14688292, 1.4667E-01, 2.8000E+00, 1.2400E+01,
13:26:35.14688297, 1.4667E-01, 2.8000E+00, 1.2133E+01,
13:26:35.14688302, 1.8667E-01, 2.8000E+00, 1.2133E+01,
13:26:35.14688307, 1.6000E-01, 2.8000E+00, 1.2133E+01,
13:26:35.14688312, 1.4667E-01, 2.8000E+00, 1.1733E+01,
13:26:35.14688317, 1.2000E-01, 2.8000E+00, 1.1867E+01,
13:26:35.14688322, 1.3333E-01, 2.8267E+00, 1.1600E+01,
13:26:35.14688327, 1.3333E-01, 2.8267E+00, 1.1333E+01,
13:26:35.14688332, 1.8667E-01, 2.8133E+00, 1.1067E+01,
13:26:35.14688337, 1.6000E-01, 2.8000E+00, 1.0800E+01,
13:26:35.14688342, 1.6000E-01, 2.8267E+00, 1.0667E+01,
13:26:35.14688347, 1.6000E-01, 2.8133E+00, 1.0533E+01,
13:26:35.14688352, 2.0000E-01, 2.8267E+00, 1.0400E+01,
13:26:35.14688357, 1.3333E-01, 2.8533E+00, 1.0267E+01,
13:26:35.14688362, 1.6000E-01, 2.8533E+00, 1.0267E+01,
13:26:35.14688367, 1.4667E-01, 2.8400E+00, 1.0267E+01,
13:26:35.14688372, 1.3333E-01, 2.8000E+00, 1.0133E+01,
13:26:35.14688377, 1.4667E-01, 2.8400E+00, 9.7333E+00,
13:26:35.14688382, 1.4667E-01, 2.8667E+00, 9.3333E+00,
13:26:35.14688387, 2.0000E-01, 2.8800E+00, 9.3333E+00,
13:26:35.14688392, 1.4667E-01, 2.8267E+00, 8.9333E+00,
13:26:35.14688397, 1.7333E-01, 2.8400E+00, 8.8000E+00,
13:26:35.14688402, 1.7333E-01, 2.8400E+00, 8.9333E+00,
13:26:35.14688407, 1.8667E-01, 2.8667E+00, 8.9333E+00,
13:26:35.14688412, 1.6000E-01, 2.8800E+00, 8.5333E+00,
13:26:35.14688417, 1.4667E-01, 2.8400E+00, 8.4000E+00,
13:26:35.14688422, 1.3333E-01, 2.8933E+00, 8.2667E+00,
13:26:35.14688427, 1.4667E-01, 2.8533E+00, 8.2667E+00,
13:26:35.14688432, 1.4667E-01, 2.8667E+00, 7.6000E+00,
13:26:35.14688437, 1.4667E-01, 2.8533E+00, 7.6000E+00,
13:26:35.14688442, 1.6000E-01, 2.8667E+00, 7.7333E+00,
13:26:35.14688447, 1.7333E-01, 2.8533E+00, 7.4667E+00,
13:26:35.14688452, 1.7333E-01, 2.8667E+00, 7.4667E+00,
13:26:35.14688457, 1.3333E-01, 2.8533E+00, 7.3333E+00,
13:26:35.14688462, 1.3333E-01, 2.8667E+00, 7.0667E+00,
13:26:35.14688467, 1.7333E-01, 2.8800E+00, 6.6667E+00,
13:26:35.14688472, 1.4667E-01, 2.8667E+00, 6.5333E+00,
13:26:35.14688477, 1.8667E-01, 2.8667E+00, 6.4000E+00,
13:26:35.14688482, 1.4667E-01, 2.8933E+00, 6.1333E+00,
13:26:35.14688487, 1.7333E-01, 2.8933E+00, 6.1333E+00,
13:26:35.14688492, 1.6000E-01, 2.8267E+00, 5.8667E+00,
13:26:35.14688497, 1.7333E-01, 2.8667E+00, 5.7333E+00,
13:26:35.14688502, 1.7333E-01, 2.8667E+00, 5.4667E+00,
13:26:35.14688507, 1.4667E-01, 2.8533E+00, 5.7333E+00,
13:26:35.14688512, 1.4667E-01, 2.8933E+00, 5.2000E+00,
13:26:35.14688517, 1.6000E-01, 2.8667E+00, 4.9333E+00,
13:26:35.14688522, 2.0000E-01, 2.8933E+00, 4.9333E+00,
13:26:35.14688527, 1.4667E-01, 2.8667E+00, 4.8000E+00,
13:26:35.14688532, 1.6000E-01, 2.8933E+00, 4.5333E+00,
13:26:35.14688537, 1.8667E-01, 2.8667E+00, 4.4000E+00,
13:26:35.14688542, 1.6000E-01, 2.8800E+00, 4.5333E+00,
13:26:35.14688547, 1.3333E-01, 2.8533E+00, 4.1333E+00,
13:26:35.14688552, 1.3333E-01, 2.9067E+00, 3.7333E+00,
13:26:35.14688557, 1.3333E-01, 2.8667E+00, 4.0000E+00,
13:26:35.14688562, 1.6000E-01, 2.9067E+00, 3.7333E+00,
13:26:35.14688567, 1.6000E-01, 2.9067E+00, 3.2000E+00,
13:26:35.14688572, 1.7333E-01, 2.8800E+00, 3.3333E+00,
13:26:35.14688577, 1.3333E-01, 2.8800E+00, 2.9333E+00,
13:26:35.14688582, 1.7333E-01, 2.8933E+00, 2.6667E+00,
13:26:35.14688587, 1.7333E-01, 2.8933E+00, 2.9333E+00,
13:26:35.14688592, 1.4667E-01, 2.8800E+00, 2.6667E+00,
13:26:35.14688597, 1.7333E-01, 2.8933E+00, 2.6667E+00,
13:26:35.14688602, 1.2000E-01, 2.8667E+00, 2.1333E+00,
13:26:35.14688607, 1.4667E-01, 2.8667E+00, 2.0000E+00,
13:26:35.14688612, 1.4667E-01, 2.9067E+00, 2.0000E+00,
13:26:35.14688617, 1.6000E-01, 2.8667E+00, 1.6000E+00,
13:26:35.14688622, 1.3333E-01, 2.8800E+00, 1.6000E+00,
13:26:35.14688627, 1.4667E-01, 2.8800E+00, 1.3333E+00,
13:26:35.14688632, 1.6000E-01, 2.8533E+00, 1.4667E+00,
13:26:35.14688637, 1.8667E-01, 2.8533E+00, 1.4667E+00,
13:26:35.14688642, 1.4667E-01, 2.8533E+00, 1.2000E+00,
13:26:35.14688647, 1.4667E-01, 2.8533E+00, 8.0000E-01,
13:26:35.14688652, 1.4667E-01, 2.8267E+00, 6.6667E-01,
13:26:35.14688657, 1.4667E-01, 2.8267E+00, 6.6667E-01,
13:26:35.14688662, 1.6000E-01, 2.8667E+00, 6.6667E-01,
13:26:35.14688667, 1.4667E-01, 2.8400E+00, 0.0000E+00,
13:26:35.14688672, 1.3333E-01, 2.8533E+00, 1.3333E-01,
13:26:35.14688677, 1.6000E-01, 2.8533E+00, 0.0000E+00,
13:26:35.14688682, 1.8667E-01, 2.8533E+00,-2.6667E-01,
13:26:35.14688687, 1.6000E-01, 2.8267E+00,-4.0000E-01,
13:26:35.14688692, 1.4667E-01, 2.8400E+00,-4.0000E-01,
13:26:35.14688697, 1.3333E-01, 2.8000E+00,-1.3333E-01,
13:26:35.14688702, 1.0667E-01, 2.8267E+00,-6.6667E-01,
13:26:35.14688707, 1.2000E-01, 2.8000E+00,-8.0000E-01,
13:26:35.14688712, 1.3333E-01, 2.7867E+00,-1.0667E+00,
13:26:35.14688717, 1.6000E-01, 2.8133E+00,-9.3333E-01,
13:26:35.14688722, 1.3333E-01, 2.8000E+00,-1.3333E+00,
13:26:35.14688727, 1.2000E-01, 2.8267E+00,-1.4667E+00,
13:26:35.14688732, 1.0667E-01, 2.7867E+00,-1.6000E+00,
13:26:35.14688737, 1.4667E-01, 2.8000E+00,-2.0000E+00,
13:26:35.14688742, 1.3333E-01, 2.8267E+00,-2.0000E+00,
13:26:35.14688747, 9.3333E-02, 2.7867E+00,-1.8667E+00,
13:26:35.14688752, 1.0667E-01, 2.8000E+00,-2.4000E+00,
13:26:35.14688757, 1.4667E-01, 2.8133E+00,-2.1333E+00,
13:26:35.14688762, 1.3333E-01, 2.7867E+00,-2.2667E+00,
13:26:35.14688767, 1.4667E-01, 2.8000E+00,-2.8000E+00,
13:26:35.14688772, 1.4667E-01, 2.7733E+00,-2.5333E+00,
13:26:35.14688777, 9.3333E-02, 2.7867E+00,-3.0667E+00,
13:26:35.14688782, 1.0667E-01, 2.8000E+00,-3.0667E+00,
13:26:35.14688787, 1.2000E-01, 2.7867E+00,-3.2000E+00,
13:26:35.14688792, 1.3333E-01, 2.7600E+00,-3.4667E+00,
13:26:35.14688797, 1.0667E-01, 2.7600E+00,-3.4667E+00,
13:26:35.14688802, 1.3333E-01, 2.7600E+00,-3.6000E+00,
13:26:35.14688807, 1.3333E-01, 2.7867E+00,-3.7333E+00,
13:26:35.14688812, 9.3333E-02, 2.7333E+00,-3.8667E+00,
13:26:35.14688817, 1.2000E-01, 2.7867E+00,-4.0000E+00,
13:26:35.14688822, 9.3333E-02, 2.7733E+00,-4.2667E+00,
13:26:35.14688827, 1.3333E-01, 2.7333E+00,-4.4000E+00,
13:26:35.14688832, 1.4667E-01, 2.7333E+00,-4.4000E+00,
13:26:35.14688837, 1.0667E-01, 2.7333E+00,-4.8000E+00,
13:26:35.14688842, 1.2000E-01, 2.7467E+00,-4.4000E+00,
13:26:35.14688847, 1.0667E-01, 2.7067E+00,-4.8000E+00,
13:26:35.14688852, 8.0000E-02, 2.7200E+00,-4.9333E+00,
13:26:35.14688857, 1.3333E-01, 2.7333E+00,-4.8000E+00,
13:26:35.14688862, 1.0667E-01, 2.7333E+00,-5.0667E+00,
13:26:35.14688867, 1.2000E-01, 2.6933E+00,-5.2000E+00,
13:26:35.14688872, 1.4667E-01, 2.6933E+00,-5.3333E+00,
13:26:35.14688877, 1.2000E-01, 2.6800E+00,-5.4667E+00,
13:26:35.14688882, 1.2000E-01, 2.6533E+00,-5.4667E+00,
13:26:35.14688887, 9.3333E-02, 2.6933E+00,-5.6000E+00,
13:26:35.14688892, 9.3333E-02, 2.6800E+00,-6.0000E+00,
13:26:35.14688897, 8.0000E-02, 2.6800E+00,-5.8667E+00,
13:26:35.14688902, 1.4667E-01, 2.6400E+00,-5.8667E+00,
13:26:35.14688907, 1.0667E-01, 2.6533E+00,-6.1333E+00,
13:26:35.14688912, 1.2000E-01, 2.6667E+00,-6.2667E+00,
13:26:35.14688917, 1.2000E-01, 2.6667E+00,-6.5333E+00,
13:26:35.14688922, 1.2000E-01, 2.6667E+00,-6.5333E+00,
13:26:35.14688927, 1.4667E-01, 2.6400E+00,-6.6667E+00,
13:26:35.14688932, 1.2000E-01, 2.6267E+00,-6.6667E+00,
13:26:35.14688937, 8.0000E-02, 2.6267E+00,-6.8000E+00,
13:26:35.14688942, 8.0000E-02, 2.6400E+00,-6.6667E+00,
13:26:35.14688947, 1.2000E-01, 2.6000E+00,-7.2000E+00,
13:26:35.14688952, 9.3333E-02, 2.6267E+00,-7.3333E+00,
13:26:35.14688957, 9.3333E-02, 2.5867E+00,-7.4667E+00,
13:26:35.14688962, 9.3333E-02, 2.6267E+00,-7.4667E+00,
13:26:35.14688967, 1.0667E-01, 2.6400E+00,-7.3333E+00,
13:26:35.14688972, 1.2000E-01, 2.6133E+00,-7.4667E+00,
13:26:35.14688977, 9.3333E-02, 2.5733E+00,-7.4667E+00,
13:26:35.14688982, 9.3333E-02, 2.5600E+00,-7.7333E+00,
13:26:35.14688987, 8.0000E-02, 2.5867E+00,-7.4667E+00,
13:26:35.14688992, 8.0000E-02, 2.5867E+00,-7.8667E+00,
13:26:35.14688997, 1.0667E-01, 2.5600E+00,-8.0000E+00,
13:26:35.14689002, 1.0667E-01, 2.5733E+00,-8.0000E+00,
13:26:35.14689007, 8.0000E-02, 2.5733E+00,-8.2667E+00,
13:26:35.14689012, 1.2000E-01, 2.5600E+00,-8.2667E+00,
13:26:35.14689017, 8.0000E-02, 2.5200E+00,-8.6667E+00,
13:26:35.14689022, 1.0667E-01, 2.5200E+00,-8.5333E+00,
13:26:35.14689027, 9.3333E-02, 2.5200E+00,-8.8000E+00,
13:26:35.14689032, 8.0000E-02, 2.5200E+00,-8.8000E+00,
13:26:35.14689037, 1.0667E-01, 2.5200E+00,-8.6667E+00,
13:26:35.14689042, 8.0000E-02, 2.4933E+00,-8.8000E+00,
13:26:35.14689047, 9.3333E-02, 2.4667E+00,-8.9333E+00,
13:26:35.14689052, 8.0000E-02, 2.5200E+00,-8.9333E+00,
13:26:35.14689057, 8.0000E-02, 2.5067E+00,-9.0667E+00,
13:26:35.14689062, 8.0000E-02, 2.4667E+00,-9.0667E+00,
13:26:35.14689067, 9.3333E-02, 2.4667E+00,-9.2000E+00,
13:26:35.14689072, 9.3333E-02, 2.4667E+00,-9.2000E+00,
13:26:35.14689077, 8.0000E-02, 2.4533E+00,-9.3333E+00,
13:26:35.14689082, 9.3333E-02, 2.4400E+00,-9.4667E+00,
13:26:35.14689087, 8.0000E-02, 2.4667E+00,-9.3333E+00,
13:26:35.14689092, 6.6667E-02, 2.4400E+00,-9.6000E+00,
13:26:35.14689097, 1.0667E-01, 2.4400E+00,-9.6000E+00,
13:26:35.14689102, 1.0667E-01, 2.4533E+00,-9.8667E+00,
13:26:35.14689107, 8.0000E-02, 2.4267E+00,-9.7333E+00,
13:26:35.14689112, 6.6667E-02, 2.4133E+00,-1.0000E+01,
13:26:35.14689117, 8.0000E-02, 2.4267E+00,-1.0000E+01,
13:26:35.14689122, 8.0000E-02, 2.3867E+00,-1.0000E+01,
13:26:35.14689127, 6.6667E-02, 2.4000E+00,-9.8667E+00,
13:26:35.14689132, 8.0000E-02, 2.3867E+00,-1.0133E+01,
13:26:35.14689137, 8.0000E-02, 2.4000E+00,-1.0133E+01,
13:26:35.14689142, 9.3333E-02, 2.3867E+00,-1.0267E+01,
13:26:35.14689147, 8.0000E-02, 2.3867E+00,-1.0533E+01,
13:26:35.14689152, 1.0667E-01, 2.3600E+00,-1.0267E+01,
13:26:35.14689157, 9.3333E-02, 2.3333E+00,-1.0400E+01,
13:26:35.14689162, 9.3333E-02, 2.3733E+00,-1.0267E+01,
13:26:35.14689167, 8.0000E-02, 2.3600E+00,-1.0267E+01,
13:26:35.14689172, 8.0000E-02, 2.3733E+00,-1.0267E+01,
13:26:35.14689177, 4.0000E-02, 2.3333E+00,-1.0533E+01,
13:26:35.14689182, 8.0000E-02, 2.3333E+00,-1.0400E+01,
13:26:35.14689187, 6.6667E-02, 2.3200E+00,-1.0667E+01,
13:26:35.14689192, 8.0000E-02, 2.3333E+00,-1.0400E+01,
13:26:35.14689197, 5.3333E-02, 2.3067E+00,-1.0933E+01,
13:26:35.14689202, 8.0000E-02, 2.3200E+00,-1.0933E+01,
13:26:35.14689207, 9.3333E-02, 2.2800E+00,-1.0933E+01,
13:26:35.14689212, 8.0000E-02, 2.2933E+00,-1.0933E+01,
13:26:35.14689217, 8.0000E-02, 2.2933E+00,-1.1067E+01,
13:26:35.14689222, 5.3333E-02, 2.2800E+00,-1.1200E+01,
13:26:35.14689227, 5.3333E-02, 2.2800E+00,-1.0933E+01,
13:26:35.14689232, 8.0000E-02, 2.2533E+00,-1.1200E+01,
13:26:35.14689237, 5.3333E-02, 2.2667E+00,-1.1067E+01,
13:26:35.14689242, 5.3333E-02, 2.2533E+00,-1.1467E+01,
13:26:35.14689247, 8.0000E-02, 2.2667E+00,-1.1067E+01,
13:26:35.14689252, 6.6667E-02, 2.2400E+00,-1.1467E+01,
13:26:35.14689257, 4.0000E-02, 2.2400E+00,-1.1600E+01,
13:26:35.14689262, 8.0000E-02, 2.2133E+00,-1.1333E+01,
13:26:35.14689267, 8.0000E-02, 2.2400E+00,-1.1333E+01,
13:26:35.14689272, 5.3333E-02, 2.2133E+00,-1.1333E+01,
13:26:35.14689277, 5.3333E-02, 2.2133E+00,-1.1333E+01,
13:26:35.14689282, 9.3333E-02, 2.2133E+00,-1.1333E+01,
13:26:35.14689287, 8.0000E-02, 2.2133E+00,-1.1600E+01,
13:26:35.14689292, 9.3333E-02, 2.2000E+00,-1.1733E+01,
13:26:35.14689297, 4.0000E-02, 2.1867E+00,-1.1467E+01,
13:26:35.14689302, 6.6667E-02, 2.1733E+00,-1.1333E+01,
13:26:35.14689307, 5.3333E-02, 2.2000E+00,-1.1600E+01,
13:26:35.14689312, 5.3333E-02, 2.1733E+00,-1.1467E+01,
13:26:35.14689317, 4.0000E-02, 2.1733E+00,-1.1467E+01,
13:26:35.14689322, 6.6667E-02, 2.1467E+00,-1.1600E+01,
13:26:35.14689327, 6.6667E-02, 2.1600E+00,-1.1600E+01,
13:26:35.14689332, 5.3333E-02, 2.1200E+00,-1.1467E+01,
13:26:35.14689337, 8.0000E-02, 2.1333E+00,-1.1867E+01,
13:26:35.14689342, 8.0000E-02, 2.1467E+00,-1.1600E+01,
13:26:35.14689347, 6.6667E-02, 2.1333E+00,-1.1600E+01,
13:26:35.14689352, 5.3333E-02, 2.1200E+00,-1.1600E+01,
13:26:35.14689357, 6.6667E-02, 2.1200E+00,-1.2000E+01,
13:26:35.14689362, 5.3333E-02, 2.1200E+00,-1.1867E+01,
13:26:35.14689367, 4.0000E-02, 2.1200E+00,-1.1467E+01,
13:26:35.14689372, 5.3333E-02, 2.0800E+00,-1.1600E+01,
13:26:35.14689377, 2.6667E-02, 2.0667E+00,-1.1600E+01,
13:26:35.14689382, 2.6667E-02, 2.1067E+00,-1.1600E+01,
13:26:35.14689387, 5.3333E-02, 2.0800E+00,-1.1600E+01,
13:26:35.14689392, 5.3333E-02, 2.1067E+00,-1.1867E+01,
13:26:35.14689397, 5.3333E-02, 2.0800E+00,-1.1867E+01,
13:26:35.14689402, 6.6667E-02, 2.0800E+00,-1.1733E+01,
13:26:35.14689407, 5.3333E-02, 2.0533E+00,-1.1733E+01,
13:26:35.14689412, 5.3333E-02, 2.0933E+00,-1.1733E+01,
13:26:35.14689417, 4.0000E-02, 2.0800E+00,-1.1600E+01,
13:26:35.14689422, 2.6667E-02, 2.0533E+00,-1.1600E+01,
13:26:35.14689427, 5.3333E-02, 2.0133E+00,-1.1867E+01,
13:26:35.14689432, 2.6667E-02, 2.0267E+00,-1.1600E+01,
13:26:35.14689437, 4.0000E-02, 2.0267E+00,-1.1467E+01,
13:26:35.14689442, 4.0000E-02, 2.0000E+00,-1.1733E+01,
13:26:35.14689447, 4.0000E-02, 2.0133E+00,-1.1600E+01,
13:26:35.14689452, 4.0000E-02, 1.9867E+00,-1.1733E+01,
13:26:35.14689457, 8.0000E-02, 1.9867E+00,-1.1867E+01,
13:26:35.14689462, 4.0000E-02, 1.9867E+00,-1.1600E+01,
13:26:35.14689467, 0.0000E+00, 1.9733E+00,-1.1467E+01,
13:26:35.14689472, 1.3333E-02, 1.9733E+00,-1.1600E+01,
13:26:35.14689477, 5.3333E-02, 1.9600E+00,-1.1600E+01,
13:26:35.14689482, 1.3333E-02, 1.9867E+00,-1.1733E+01,
13:26:35.14689487, 5.3333E-02, 1.9733E+00,-1.1733E+01,
13:26:35.14689492, 6.6667E-02, 1.9733E+00,-1.1600E+01,
13:26:35.14689497, 4.0000E-02, 1.9733E+00,-1.1600E+01,
13:26:35.14689502, 2.6667E-02, 1.9600E+00,-1.1600E+01,
13:26:35.14689507, 2.6667E-02, 1.9600E+00,-1.1600E+01,
13:26:35.14689512, 0.0000E+00, 1.9333E+00,-1.1600E+01,
13:26:35.14689517, 2.6667E-02, 1.9067E+00,-1.1333E+01,
13:26:35.14689522, 4.0000E-02, 1.9333E+00,-1.1467E+01,
13:26:35.14689527, 4.0000E-02, 1.9333E+00,-1.1067E+01,
13:26:35.14689532, 2.6667E-02, 1.9200E+00,-1.1200E+01,
13:26:35.14689537, 1.3333E-02, 1.8933E+00,-1.1467E+01,
13:26:35.14689542, 1.3333E-02, 1.9067E+00,-1.1467E+01,
13:26:35.14689547, 1.3333E-02, 1.9200E+00,-1.1333E+01,
13:26:35.14689552, 2.6667E-02, 1.9067E+00,-1.1200E+01,
13:26:35.14689557, 1.3333E-02, 1.9067E+00,-1.1467E+01,
13:26:35.14689562, 1.3333E-02, 1.9067E+00,-1.1467E+01,
13:26:35.14689567, 1.3333E-02, 1.8667E+00,-1.1067E+01,
13:26:35.14689572, 0.0000E+00, 1.8800E+00,-1.0933E+01,
13:26:35.14689577, 2.6667E-02, 1.8667E+00,-1.1067E+01,
13:26:35.14689582, 0.0000E+00, 1.9067E+00,-1.1333E+01,
13:26:35.14689587, 5.3333E-02, 1.8667E+00,-1.1200E+01,
13:26:35.14689592, 2.6667E-02, 1.8533E+00,-1.1200E+01,
13:26:35.14689597, 5.3333E-02, 1.8400E+00,-1.0933E+01,
13:26:35.14689602, 2.6667E-02, 1.8667E+00,-1.1067E+01,
13:26:35.14689607, 2.6667E-02, 1.8533E+00,-1.0800E+01,
13:26:35.14689612, 0.0000E+00, 1.8667E+00,-1.1067E+01,
13:26:35.14689617, 2.6667E-02, 1.8400E+00,-1.1067E+01,
13:26:35.14689622, 2.6667E-02, 1.8533E+00,-1.0533E+01,
13:26:35.14689627, 5.3333E-02, 1.8267E+00,-1.0667E+01,
13:26:35.14689632, 1.3333E-02, 1.8133E+00,-1.0533E+01,
13:26:35.14689637, 4.0000E-02, 1.8267E+00,-1.0933E+01,
13:26:35.14689642, 1.3333E-02, 1.7867E+00,-1.0400E+01,
13:26:35.14689647, 1.3333E-02, 1.8267E+00,-1.0667E+01,
13:26:35.14689652, 2.6667E-02, 1.8267E+00,-1.0400E+01,
13:26:35.14689657, 1.3333E-02, 1.7867E+00,-1.0267E+01,
13:26:35.14689662, 0.0000E+00, 1.7733E+00,-1.0400E+01,
13:26:35.14689667, 1.3333E-02, 1.7867E+00,-1.0267E+01,
13:26:35.14689672, 1.3333E-02, 1.8000E+00,-1.0267E+01,
13:26:35.14689677, 2.6667E-02, 1.7733E+00,-1.0267E+01,
13:26:35.14689682, 4.0000E-02, 1.7867E+00,-1.0000E+01,
13:26:35.14689687, 0.0000E+00, 1.7867E+00,-1.0533E+01,
13:26:35.14689692,-1.3333E-02, 1.7600E+00,-1.0267E+01,
13:26:35.14689697, 2.6667E-02, 1.7600E+00,-1.0400E+01,
13:26:35.14689702, 2.6667E-02, 1.7467E+00,-1.0000E+01,
13:26:35.14689707,-1.3333E-02, 1.7467E+00,-1.0000E+01,
13:26:35.14689712, 2.6667E-02, 1.7333E+00,-9.8667E+00,
13:26:35.14689717, 0.0000E+00, 1.7600E+00,-1.0000E+01,
13:26:35.14689722,-2.6667E-02, 1.7600E+00,-9.7333E+00,
13:26:35.14689727, 2.6667E-02, 1.7067E+00,-9.4667E+00,
13:26:35.14689732, 0.0000E+00, 1.7333E+00,-9.6000E+00,
13:26:35.14689737, 0.0000E+00, 1.7200E+00,-9.6000E+00,
13:26:35.14689742, 0.0000E+00, 1.7067E+00,-9.8667E+00,
13:26:35.14689747, 0.0000E+00, 1.7067E+00,-9.6000E+00,
13:26:35.14689752, 2.6667E-02, 1.7200E+00,-9.2000E+00,
13:26:35.14689757,-1.3333E-02, 1.7067E+00,-9.4667E+00,
13:26:35.14689762,-1.3333E-02, 1.7333E+00,-9.4667E+00,
13:26:35.14689767,-1.3333E-02, 1.7067E+00,-9.3333E+00,
13:26:35.14689772, 4.0000E-02, 1.7200E+00,-9.2000E+00,
13:26:35.14689777, 2.6667E-02, 1.7067E+00,-9.3333E+00,
13:26:35.14689782, 2.6667E-02, 1.7067E+00,-9.3333E+00,
13:26:35.14689787, 2.6667E-02, 1.7067E+00,-9.2000E+00,
13:26:35.14689792,-1.3333E-02, 1.7333E+00,-8.9333E+00,
13:26:35.14689797, 0.0000E+00, 1.6933E+00,-8.9333E+00,
13:26:35.14689802,-4.0000E-02, 1.6933E+00,-8.8000E+00,
13:26:35.14689807, 0.0000E+00, 1.7067E+00,-8.9333E+00,
13:26:35.14689812,-1.3333E-02, 1.6667E+00,-8.6667E+00,
13:26:35.14689817,-1.3333E-02, 1.6800E+00,-8.6667E+00,
13:26:35.14689822, 0.0000E+00, 1.7067E+00,-8.5333E+00,
13:26:35.14689827, 1.3333E-02, 1.6933E+00,-8.8000E+00,
13:26:35.14689832, 1.3333E-02, 1.6800E+00,-8.5333E+00,
13:26:35.14689837,-2.6667E-02, 1.6667E+00,-8.8000E+00,
13:26:35.14689842,-1.3333E-02, 1.6800E+00,-8.6667E+00,
13:26:35.14689847,-1.3333E-02, 1.6533E+00,-8.4000E+00,
13:26:35.14689852,-2.6667E-02, 1.6533E+00,-8.2667E+00,
13:26:35.14689857,-4.0000E-02, 1.6267E+00,-8.2667E+00,
13:26:35.14689862,-2.6667E-02, 1.6933E+00,-8.2667E+00,
13:26:35.14689867, 1.3333E-02, 1.6400E+00,-7.7333E+00,
13:26:35.14689872, 0.0000E+00, 1.6667E+00,-7.8667E+00,
13:26:35.14689877, 0.0000E+00, 1.6400E+00,-7.8667E+00,
13:26:35.14689882,-1.3333E-02, 1.6800E+00,-8.1333E+00,
13:26:35.14689887, 2.6667E-02, 1.5867E+00,-7.4667E+00,
13:26:35.14689892, 0.0000E+00, 1.6267E+00,-7.6000E+00,
13:26:35.14689897,-2.6667E-02, 1.6133E+00,-7.4667E+00,
13:26:35.14689902,-2.6667E-02, 1.6533E+00,-7.4667E+00,
13:26:35.14689907, 0.0000E+00, 1.6267E+00,-7.2000E+00,
13:26:35.14689912,-2.6667E-02, 1.6267E+00,-7.4667E+00,
13:26:35.14689917, 0.0000E+00, 1.6267E+00,-7.2000E+00,
13:26:35.14689922,-1.3333E-02, 1.6133E+00,-7.3333E+00,
13:26:35.14689927,-1.3333E-02, 1.6000E+00,-7.3333E+00,
13:26:35.14689932, 1.3333E-02, 1.6133E+00,-7.0667E+00,
13:26:35.14689937,-1.3333E-02, 1.6267E+00,-7.0667E+00,
13:26:35.14689942,-2.6667E-02, 1.6133E+00,-6.9333E+00,
13:26:35.14689947,-1.3333E-02, 1.6000E+00,-6.8000E+00,
13:26:35.14689952, 0.0000E+00, 1.6267E+00,-6.8000E+00,
13:26:35.14689957,-2.6667E-02, 1.6133E+00,-6.5333E+00,
13:26:35.14689962,-2.6667E-02, 1.6267E+00,-6.6667E+00,
13:26:35.14689967,-2.6667E-02, 1.6133E+00,-6.5333E+00,
13:26:35.14689972,-2.6667E-02, 1.6133E+00,-6.2667E+00,
13:26:35.14689977, 1.3333E-02, 1.5733E+00,-6.5333E+00,
13:26:35.14689982,-1.3333E-02, 1.6000E+00,-6.2667E+00,
13:26:35.14689987,-2.6667E-02, 1.6000E+00,-6.2667E+00,
13:26:35.14689992,-2.6667E-02, 1.5867E+00,-6.1333E+00,
13:26:35.14689997,-4.0000E-02, 1.6000E+00,-6.0000E+00,
13:26:35.14690002,-6.6667E-02, 1.6000E+00,-5.8667E+00,
13:26:35.14690007,-1.3333E-02, 1.5733E+00,-6.0000E+00,
13:26:35.14690012,-2.6667E-02, 1.5733E+00,-5.7333E+00,
13:26:35.14690017,-1.3333E-02, 1.5733E+00,-5.6000E+00,
13:26:35.14690022,-1.3333E-02, 1.5733E+00,-5.6000E+00,
13:26:35.14690027,-4.0000E-02, 1.5733E+00,-5.8667E+00,
13:26:35.14690032, 0.0000E+00, 1.5867E+00,-5.8667E+00,
13:26:35.14690037,-2.6667E-02, 1.5467E+00,-5.3333E+00,
13:26:35.14690042, 0.0000E+00, 1.5733E+00,-5.4667E+00,
13:26:35.14690047,-4.0000E-02, 1.5733E+00,-5.3333E+00,
13:26:35.14690052, 0.0000E+00, 1.5733E+00,-5.4667E+00,
13:26:35.14690057, 0.0000E+00, 1.5733E+00,-4.8000E+00,
13:26:35.14690062,-2.6667E-02, 1.5600E+00,-4.9333E+00,
13:26:35.14690067,-1.3333E-02, 1.5600E+00,-5.0667E+00,
13:26:35.14690072, 1.3333E-02, 1.5733E+00,-5.0667E+00,
13:26:35.14690077,-2.6667E-02, 1.5733E+00,-4.8000E+00,
13:26:35.14690082,-1.3333E-02, 1.5733E+00,-4.8000E+00,
13:26:35.14690087,-6.6667E-02, 1.5733E+00,-4.8000E+00,
13:26:35.14690092,-2.6667E-02, 1.5733E+00,-4.6667E+00,
13:26:35.14690097,-2.6667E-02, 1.5733E+00,-4.6667E+00,
13:26:35.14690102,-2.6667E-02, 1.5600E+00,-4.2667E+00,
13:26:35.14690107,-2.6667E-02, 1.5733E+00,-4.0000E+00,
13:26:35.14690112,-1.3333E-02, 1.5467E+00,-4.1333E+00,
13:26:35.14690117, 0.0000E+00, 1.5733E+00,-4.1333E+00,
13:26:35.14690122,-1.3333E-02, 1.5600E+00,-4.2667E+00,
13:26:35.14690127,-1.3333E-02, 1.5467E+00,-4.2667E+00,
13:26:35.14690132,-2.6667E-02, 1.5733E+00,-3.7333E+00,
13:26:35.14690137,-8.0000E-02, 1.5733E+00,-4.0000E+00,
13:26:35.14690142,-2.6667E-02, 1.5467E+00,-3.8667E+00,
13:26:35.14690147,-1.3333E-02, 1.5733E+00,-3.6000E+00,
13:26:35.14690152,-1.3333E-02, 1.5600E+00,-3.4667E+00,
13:26:35.14690157,-1.3333E-02, 1.5733E+00,-3.4667E+00,
13:26:35.14690162,-5.3333E-02, 1.5733E+00,-3.3333E+00,
13:26:35.14690167, 0.0000E+00, 1.5600E+00,-3.3333E+00,
13:26:35.14690172,-1.3333E-02, 1.5333E+00,-3.2000E+00,
13:26:35.14690177,-1.3333E-02, 1.5600E+00,-3.4667E+00,
13:26:35.14690182,-2.6667E-02, 1.5600E+00,-3.0667E+00,
13:26:35.14690187,-4.0000E-02, 1.5733E+00,-3.2000E+00,
13:26:35.14690192,-2.6667E-02, 1.5600E+00,-2.9333E+00,
13:26:35.14690197, 0.0000E+00, 1.5600E+00,-2.8000E+00,
13:26:35.14690202,-1.3333E-02, 1.5867E+00,-2.8000E+00,
13:26:35.14690207,-4.0000E-02, 1.5467E+00,-2.5333E+00,
13:26:35.14690212,-2.6667E-02, 1.5733E+00,-2.5333E+00,
13:26:35.14690217, 0.0000E+00, 1.5733E+00,-2.2667E+00,
13:26:35.14690222,-1.3333E-02, 1.5467E+00,-2.5333E+00,
13:26:35.14690227,-2.6667E-02, 1.5733E+00,-2.4000E+00,
13:26:35.14690232,-1.3333E-02, 1.5733E+00,-2.5333E+00,
13:26:35.14690237,-1.3333E-02, 1.5867E+00,-2.4000E+00,
13:26:35.14690242,-2.6667E-02, 1.5733E+00,-2.0000E+00,
13:26:35.14690247, 0.0000E+00, 1.5600E+00,-2.0000E+00,
13:26:35.14690252,-2.6667E-02, 1.5733E+00,-2.0000E+00,
13:26:35.14690257, 0.0000E+00, 1.5600E+00,-1.8667E+00,
13:26:35.14690262,-1.3333E-02, 1.5467E+00,-1.4667E+00,
13:26:35.14690267,-2.6667E-02, 1.5600E+00,-1.6000E+00,
13:26:35.14690272,-2.6667E-02, 1.5467E+00,-1.6000E+00,
13:26:35.14690277,-4.0000E-02, 1.5600E+00,-1.4667E+00,
13:26:35.14690282,-2.6667E-02, 1.5733E+00,-1.8667E+00,
13:26:35.14690287,-1.3333E-02, 1.5733E+00,-1.6000E+00,
13:26:35.14690292,-1.3333E-02, 1.5733E+00,-1.3333E+00,
13:26:35.14690297, 0.0000E+00, 1.5733E+00,-1.0667E+00,
13:26:35.14690302,-5.3333E-02, 1.5600E+00,-1.2000E+00,
13:26:35.14690307,-4.0000E-02, 1.5733E+00,-1.2000E+00,
13:26:35.14690312,-2.6667E-02, 1.5600E+00,-1.0667E+00,
13:26:35.14690317,-1.3333E-02, 1.5733E+00,-1.0667E+00,
13:26:35.14690322,-5.3333E-02, 1.5733E+00,-8.0000E-01,
13:26:35.14690327,-4.0000E-02, 1.5600E+00,-1.2000E+00,
13:26:35.14690332,-2.6667E-02, 1.5467E+00,-5.3333E-01,
13:26:35.14690337,-2.6667E-02, 1.5733E+00,-4.0000E-01,
13:26:35.14690342,-2.6667E-02, 1.5467E+00,-5.3333E-01,
13:26:35.14690347,-2.6667E-02, 1.5467E+00,-2.6667E-01,
13:26:35.14690352,-1.3333E-02, 1.5733E+00,-2.6667E-01,
13:26:35.14690357, 1.3333E-02, 1.5467E+00,-2.6667E-01,
13:26:35.14690362,-1.3333E-02, 1.5733E+00,-1.3333E-01,
13:26:35.14690367,-1.3333E-02, 1.5733E+00,-2.6667E-01,
13:26:35.14690372,-2.6667E-02, 1.5733E+00, 2.6667E-01,
13:26:35.14690377,-2.6667E-02, 1.5733E+00, 0.0000E+00,
13:26:35.14690382,-4.0000E-02, 1.5867E+00, 1.3333E-01,
13:26:35.14690387, 1.3333E-02, 1.5867E+00, 1.3333E-01,
13:26:35.14690392, 1.3333E-02, 1.5733E+00, 4.0000E-01,
13:26:35.14690397, 0.0000E+00, 1.5733E+00, 5.3333E-01,
13:26:35.14690402, 0.0000E+00, 1.6000E+00, 5.3333E-01,
13:26:35.14690407,-4.0000E-02, 1.5733E+00, 6.6667E-01,
13:26:35.14690412,-4.0000E-02, 1.6000E+00, 5.3333E-01,
13:26:35.14690417, 0.0000E+00, 1.6000E+00, 4.0000E-01,
13:26:35.14690422,-4.0000E-02, 1.5867E+00, 8.0000E-01,
13:26:35.14690427,-2.6667E-02, 1.5733E+00, 6.6667E-01,
13:26:35.14690432,-4.0000E-02, 1.5867E+00, 6.6667E-01,
13:26:35.14690437,-1.3333E-02, 1.5867E+00, 6.6667E-01,
13:26:35.14690442,-2.6667E-02, 1.5867E+00, 1.0667E+00,
13:26:35.14690447,-2.6667E-02, 1.6000E+00, 1.0667E+00,
13:26:35.14690452,-1.3333E-02, 1.6133E+00, 1.2000E+00,
13:26:35.14690457,-1.3333E-02, 1.6133E+00, 1.6000E+00,
13:26:35.14690462,-2.6667E-02, 1.6267E+00, 1.4667E+00,
13:26:35.14690467,-2.6667E-02, 1.6267E+00, 1.3333E+00,
13:26:35.14690472,-1.3333E-02, 1.6400E+00, 1.3333E+00,
13:26:35.14690477,-1.3333E-02, 1.6400E+00, 1.7333E+00,
13:26:35.14690482, 0.0000E+00, 1.5733E+00, 1.6000E+00,
13:26:35.14690487,-2.6667E-02, 1.6133E+00, 1.7333E+00,
13:26:35.14690492,-1.3333E-02, 1.6133E+00, 1.7333E+00,
13:26:35.14690497,-2.6667E-02, 1.6000E+00, 2.0000E+00,
13:26:35.14690502, 0.0000E+00, 1.6000E+00, 2.2667E+00,
13:26:35.14690507,-2.6667E-02, 1.6133E+00, 2.0000E+00,
13:26:35.14690512, 0.0000E+00, 1.6267E+00, 2.0000E+00,
13:26:35.14690517,-1.3333E-02, 1.6267E+00, 2.1333E+00,
13:26:35.14690522,-4.0000E-02, 1.6400E+00, 2.0000E+00,
13:26:35.14690527,-1.3333E-02, 1.6133E+00, 2.0000E+00,
13:26:35.14690532, 0.0000E+00, 1.6133E+00, 2.2667E+00,
13:26:35.14690537,-2.6667E-02, 1.6267E+00, 2.5333E+00,
13:26:35.14690542,-2.6667E-02, 1.6400E+00, 2.4000E+00,
13:26:35.14690547,-1.3333E-02, 1.6400E+00, 2.5333E+00,
13:26:35.14690552, 1.3333E-02, 1.6267E+00, 2.6667E+00,
13:26:35.14690557, 0.0000E+00, 1.6533E+00, 2.6667E+00,
13:26:35.14690562,-1.3333E-02, 1.6400E+00, 2.4000E+00,
13:26:35.14690567,-1.3333E-02, 1.6533E+00, 2.9333E+00,
13:26:35.14690572,-1.3333E-02, 1.6267E+00, 2.8000E+00,
13:26:35.14690577, 0.0000E+00, 1.6267E+00, 2.6667E+00,
13:26:35.14690582,-2.6667E-02, 1.6400E+00, 3.0667E+00,
13:26:35.14690587, 0.0000E+00, 1.6400E+00, 2.8000E+00,
13:26:35.14690592,-1.3333E-02, 1.6533E+00, 3.2000E+00,
13:26:35.14690597, 2.6667E-02, 1.6533E+00, 3.3333E+00,
13:26:35.14690602, 0.0000E+00, 1.6667E+00, 3.4667E+00,
13:26:35.14690607,-1.3333E-02, 1.6800E+00, 3.2000E+00,
13:26:35.14690612, 0.0000E+00, 1.6533E+00, 3.4667E+00,
13:26:35.14690617,-4.0000E-02, 1.6800E+00, 3.2000E+00,
13:26:35.14690622, 1.3333E-02, 1.6933E+00, 3.2000E+00,
13:26:35.14690627,-2.6667E-02, 1.6933E+00, 3.3333E+00,
13:26:35.14690632,-1.3333E-02, 1.7067E+00, 3.4667E+00,
13:26:35.14690637, 0.0000E+00, 1.6800E+00, 3.7333E+00,
13:26:35.14690642, 1.3333E-02, 1.6933E+00, 3.3333E+00,
13:26:35.14690647,-1.3333E-02, 1.7067E+00, 3.4667E+00,
13:26:35.14690652,-1.3333E-02, 1.7067E+00, 3.8667E+00,
13:26:35.14690657, 0.0000E+00, 1.7067E+00, 3.8667E+00,
13:26:35.14690662,-2.6667E-02, 1.7067E+00, 3.7333E+00,
13:26:35.14690667, 0.0000E+00, 1.7067E+00, 3.8667E+00,
13:26:35.14690672,-2.6667E-02, 1.6933E+00, 3.7333E+00,
13:26:35.14690677, 1.3333E-02, 1.7200E+00, 3.7333E+00,
13:26:35.14690682, 1.3333E-02, 1.6933E+00, 3.8667E+00,
13:26:35.14690687, 2.6667E-02, 1.7067E+00, 4.2667E+00,
13:26:35.14690692, 4.0000E-02, 1.7067E+00, 4.1333E+00,
13:26:35.14690697, 0.0000E+00, 1.7333E+00, 4.4000E+00,
13:26:35.14690702,-1.3333E-02, 1.7333E+00, 4.2667E+00,
13:26:35.14690707,-4.0000E-02, 1.7333E+00, 4.4000E+00,
13:26:35.14690712, 0.0000E+00, 1.7333E+00, 4.2667E+00,
13:26:35.14690717,-2.6667E-02, 1.7067E+00, 4.0000E+00,
13:26:35.14690722, 1.3333E-02, 1.7333E+00, 4.4000E+00,
13:26:35.14690727, 0.0000E+00, 1.7200E+00, 4.6667E+00,
13:26:35.14690732,-2.6667E-02, 1.7200E+00, 4.6667E+00,
13:26:35.14690737, 2.6667E-02, 1.7600E+00, 4.4000E+00,
13:26:35.14690742, 2.6667E-02, 1.7467E+00, 4.8000E+00,
13:26:35.14690747, 1.3333E-02, 1.7333E+00, 4.6667E+00,
13:26:35.14690752, 0.0000E+00, 1.7467E+00, 4.6667E+00,
13:26:35.14690757, 0.0000E+00, 1.7733E+00, 4.5333E+00,
13:26:35.14690762, 0.0000E+00, 1.7733E+00, 4.6667E+00,
13:26:35.14690767,-1.3333E-02, 1.7467E+00, 4.6667E+00,
13:26:35.14690772, 2.6667E-02, 1.7867E+00, 4.8000E+00,
13:26:35.14690777, 1.3333E-02, 1.7600E+00, 4.8000E+00,
13:26:35.14690782, 0.0000E+00, 1.7600E+00, 4.8000E+00,
13:26:35.14690787, 1.3333E-02, 1.7467E+00, 4.9333E+00,
13:26:35.14690792, 0.0000E+00, 1.8000E+00, 4.9333E+00,
13:26:35.14690797, 0.0000E+00, 1.8000E+00, 4.8000E+00,
13:26:35.14690802,-1.3333E-02, 1.8000E+00, 5.0667E+00,
13:26:35.14690807, 1.3333E-02, 1.8133E+00, 4.6667E+00,
13:26:35.14690812, 2.6667E-02, 1.7867E+00, 4.9333E+00,
13:26:35.14690817,-1.3333E-02, 1.8267E+00, 5.0667E+00,
13:26:35.14690822, 1.3333E-02, 1.8000E+00, 5.2000E+00,
13:26:35.14690827, 0.0000E+00, 1.8000E+00, 5.6000E+00,
13:26:35.14690832,-2.6667E-02, 1.8000E+00, 5.0667E+00,
13:26:35.14690837, 2.6667E-02, 1.8000E+00, 4.9333E+00,
13:26:35.14690842, 0.0000E+00, 1.8400E+00, 5.2000E+00,
13:26:35.14690847, 1.3333E-02, 1.8133E+00, 5.4667E+00,
13:26:35.14690852, 4.0000E-02, 1.8133E+00, 5.4667E+00,
13:26:35.14690857, 1.3333E-02, 1.8400E+00, 5.2000E+00,
13:26:35.14690862, 1.3333E-02, 1.8533E+00, 5.2000E+00,
13:26:35.14690867, 0.0000E+00, 1.8400E+00, 5.3333E+00,
13:26:35.14690872, 1.3333E-02, 1.8533E+00, 5.4667E+00,
13:26:35.14690877, 2.6667E-02, 1.8267E+00, 5.6000E+00,
13:26:35.14690882, 2.6667E-02, 1.8667E+00, 5.6000E+00,
13:26:35.14690887, 1.3333E-02, 1.8667E+00, 5.4667E+00,
13:26:35.14690892, 1.3333E-02, 1.8400E+00, 5.3333E+00,
13:26:35.14690897, 1.3333E-02, 1.8667E+00, 5.6000E+00,
13:26:35.14690902, 0.0000E+00, 1.8400E+00, 5.6000E+00,
13:26:35.14690907, 0.0000E+00, 1.8667E+00, 5.4667E+00,
13:26:35.14690912,-1.3333E-02, 1.8533E+00, 5.4667E+00,
13:26:35.14690917, 2.6667E-02, 1.8533E+00, 5.4667E+00,
13:26:35.14690922, 1.3333E-02, 1.8667E+00, 5.7333E+00,
13:26:35.14690927, 1.3333E-02, 1.8667E+00, 5.8667E+00,
13:26:35.14690932, 0.0000E+00, 1.8533E+00, 6.0000E+00,
13:26:35.14690937, 1.3333E-02, 1.8667E+00, 5.6000E+00,
13:26:35.14690942, 4.0000E-02, 1.8933E+00, 6.0000E+00,
13:26:35.14690947, 0.0000E+00, 1.8667E+00, 5.6000E+00,
13:26:35.14690952, 4.0000E-02, 1.8933E+00, 5.6000E+00,
13:26:35.14690957,-2.6667E-02, 1.8667E+00, 5.7333E+00,
13:26:35.14690962, 2.6667E-02, 1.8933E+00, 6.0000E+00,
13:26:35.14690967, 0.0000E+00, 1.8667E+00, 5.6000E+00,
13:26:35.14690972, 5.3333E-02, 1.8933E+00, 6.0000E+00,
13:26:35.14690977, 1.3333E-02, 1.8933E+00, 5.6000E+00,
13:26:35.14690982, 4.0000E-02, 1.8933E+00, 5.8667E+00,
13:26:35.14690987, 4.0000E-02, 1.9067E+00, 5.8667E+00,
13:26:35.14690992, 1.3333E-02, 1.9200E+00, 6.0000E+00,
13:26:35.14690997, 1.3333E-02, 1.9333E+00, 5.8667E+00,
13:26:35.14691002, 4.0000E-02, 1.8933E+00, 5.7333E+00,
13:26:35.14691007, 0.0000E+00, 1.9200E+00, 5.7333E+00,
13:26:35.14691012, 2.6667E-02, 1.9200E+00, 5.8667E+00,
13:26:35.14691017, 0.0000E+00, 1.9067E+00, 6.1333E+00,
13:26:35.14691022, 1.3333E-02, 1.9467E+00, 6.0000E+00,
13:26:35.14691027, 2.6667E-02, 1.9600E+00, 5.4667E+00,
13:26:35.14691032, 2.6667E-02, 1.9333E+00, 6.1333E+00,
13:26:35.14691037, 4.0000E-02, 1.9467E+00, 6.1333E+00,
13:26:35.14691042, 0.0000E+00, 1.9600E+00, 6.0000E+00,
13:26:35.14691047, 1.3333E-02, 1.9333E+00, 5.8667E+00,
13:26:35.14691052, 0.0000E+00, 1.9467E+00, 5.7333E+00,
13:26:35.14691057, 5.3333E-02, 1.9600E+00, 6.1333E+00,
13:26:35.14691062, 2.6667E-02, 1.9733E+00, 5.7333E+00,
13:26:35.14691067, 0.0000E+00, 1.9733E+00, 6.1333E+00,
13:26:35.14691072, 2.6667E-02, 1.9867E+00, 6.1333E+00,
13:26:35.14691077, 2.6667E-02, 1.9733E+00, 6.0000E+00,
13:26:35.14691082, 2.6667E-02, 1.9733E+00, 6.0000E+00,
13:26:35.14691087, 0.0000E+00, 1.9733E+00, 5.8667E+00,
13:26:35.14691092, 0.0000E+00, 2.0133E+00, 6.1333E+00,
13:26:35.14691097, 1.3333E-02, 1.9733E+00, 6.1333E+00,
13:26:35.14691102, 1.3333E-02, 2.0000E+00, 6.1333E+00,
13:26:35.14691107, 1.3333E-02, 1.9733E+00, 5.8667E+00,
13:26:35.14691112, 2.6667E-02, 1.9733E+00, 6.0000E+00,
13:26:35.14691117, 6.6667E-02, 1.9867E+00, 6.0000E+00,
13:26:35.14691122, 4.0000E-02, 1.9867E+00, 5.7333E+00,
13:26:35.14691127, 5.3333E-02, 2.0000E+00, 6.0000E+00,
13:26:35.14691132, 5.3333E-02, 2.0133E+00, 6.1333E+00,
13:26:35.14691137, 1.3333E-02, 2.0267E+00, 5.8667E+00,
13:26:35.14691142, 2.6667E-02, 2.0400E+00, 6.2667E+00,
13:26:35.14691147, 0.0000E+00, 2.0133E+00, 5.8667E+00,
13:26:35.14691152, 4.0000E-02, 1.9867E+00, 6.0000E+00,
13:26:35.14691157, 2.6667E-02, 2.0267E+00, 5.8667E+00,
13:26:35.14691162, 1.3333E-02, 2.0000E+00, 5.3333E+00,
13:26:35.14691167, 4.0000E-02, 1.9867E+00, 5.8667E+00,
13:26:35.14691172, 1.3333E-02, 2.0000E+00, 6.0000E+00,
13:26:35.14691177, 5.3333E-02, 2.0133E+00, 5.4667E+00,
13:26:35.14691182, 1.3333E-02, 2.0667E+00, 5.8667E+00,
13:26:35.14691187, 4.0000E-02, 2.0267E+00, 5.6000E+00,
13:26:35.14691192, 5.3333E-02, 2.0667E+00, 5.7333E+00,
13:26:35.14691197, 1.3333E-02, 2.0400E+00, 5.7333E+00,
13:26:35.14691202, 1.3333E-02, 2.0267E+00, 5.6000E+00,
13:26:35.14691207, 6.6667E-02, 2.0667E+00, 5.4667E+00,
13:26:35.14691212, 4.0000E-02, 2.0533E+00, 5.4667E+00,
13:26:35.14691217, 5.3333E-02, 2.0667E+00, 5.7333E+00,
13:26:35.14691222, 4.0000E-02, 2.0667E+00, 5.7333E+00,
13:26:35.14691227, 2.6667E-02, 2.0800E+00, 5.4667E+00,
13:26:35.14691232, 6.6667E-02, 2.0533E+00, 6.0000E+00,
13:26:35.14691237, 2.6667E-02, 2.0667E+00, 5.6000E+00,
13:26:35.14691242, 1.3333E-02, 2.0400E+00, 5.6000E+00,
13:26:35.14691247, 2.6667E-02, 2.0667E+00, 5.3333E+00,
13:26:35.14691252, 5.3333E-02, 2.1067E+00, 5.4667E+00,
13:26:35.14691257, 2.6667E-02, 2.0800E+00, 5.6000E+00,
13:26:35.14691262, 2.6667E-02, 2.0800E+00, 5.4667E+00,
13:26:35.14691267, 5.3333E-02, 2.1067E+00, 5.6000E+00,
13:26:35.14691272, 4.0000E-02, 2.1200E+00, 5.3333E+00,
13:26:35.14691277, 4.0000E-02, 2.1067E+00, 5.4667E+00,
13:26:35.14691282, 1.3333E-02, 2.1200E+00, 5.6000E+00,
13:26:35.14691287, 4.0000E-02, 2.0533E+00, 5.4667E+00,
13:26:35.14691292, 1.3333E-02, 2.0933E+00, 5.3333E+00,
13:26:35.14691297, 1.3333E-02, 2.1067E+00, 5.4667E+00,
13:26:35.14691302, 2.6667E-02, 2.1333E+00, 5.2000E+00,
13:26:35.14691307, 6.6667E-02, 2.1067E+00, 5.3333E+00,
13:26:35.14691312, 2.6667E-02, 2.1200E+00, 5.2000E+00,
13:26:35.14691317, 5.3333E-02, 2.0933E+00, 5.3333E+00,
13:26:35.14691322, 2.6667E-02, 2.1200E+00, 5.2000E+00,
13:26:35.14691327, 6.6667E-02, 2.1200E+00, 5.3333E+00,
13:26:35.14691332, 1.3333E-02, 2.1333E+00, 5.0667E+00,
13:26:35.14691337, 1.3333E-02, 2.1067E+00, 5.3333E+00,
13:26:35.14691342, 4.0000E-02, 2.1200E+00, 5.2000E+00,
13:26:35.14691347, 4.0000E-02, 2.1200E+00, 5.0667E+00,
13:26:35.14691352, 4.0000E-02, 2.1200E+00, 5.0667E+00,
13:26:35.14691357, 5.3333E-02, 2.1200E+00, 4.9333E+00,
13:26:35.14691362, 2.6667E-02, 2.1200E+00, 5.0667E+00,
13:26:35.14691367, 4.0000E-02, 2.1200E+00, 5.2000E+00,
13:26:35.14691372, 1.3333E-02, 2.1467E+00, 4.9333E+00,
13:26:35.14691377, 0.0000E+00, 2.1333E+00, 5.2000E+00,
13:26:35.14691382, 4.0000E-02, 2.1333E+00, 4.9333E+00,
13:26:35.14691387, 1.3333E-02, 2.1600E+00, 4.8000E+00,
13:26:35.14691392, 5.3333E-02, 2.1200E+00, 4.9333E+00,
13:26:35.14691397, 2.6667E-02, 2.1733E+00, 5.0667E+00,
13:26:35.14691402, 0.0000E+00, 2.1467E+00, 4.8000E+00,
13:26:35.14691407, 5.3333E-02, 2.1200E+00, 4.8000E+00,
13:26:35.14691412, 6.6667E-02, 2.1467E+00, 4.8000E+00,
13:26:35.14691417, 2.6667E-02, 2.2000E+00, 5.0667E+00,
13:26:35.14691422, 4.0000E-02, 2.1733E+00, 4.8000E+00,
13:26:35.14691427, 0.0000E+00, 2.1733E+00, 4.6667E+00,
13:26:35.14691432, 4.0000E-02, 2.1200E+00, 4.6667E+00,
13:26:35.14691437, 2.6667E-02, 2.1467E+00, 4.8000E+00,
13:26:35.14691442, 4.0000E-02, 2.1867E+00, 4.5333E+00,
13:26:35.14691447, 4.0000E-02, 2.1733E+00, 4.4000E+00,
13:26:35.14691452, 5.3333E-02, 2.1600E+00, 4.5333E+00,
13:26:35.14691457, 5.3333E-02, 2.1867E+00, 4.4000E+00,
13:26:35.14691462, 4.0000E-02, 2.1867E+00, 4.6667E+00,
13:26:35.14691467, 1.3333E-02, 2.1867E+00, 4.8000E+00,
13:26:35.14691472, 4.0000E-02, 2.2000E+00, 4.5333E+00,
13:26:35.14691477, 4.0000E-02, 2.1733E+00, 4.4000E+00,
13:26:35.14691482, 0.0000E+00, 2.1867E+00, 4.2667E+00,
13:26:35.14691487, 4.0000E-02, 2.2000E+00, 4.1333E+00,
13:26:35.14691492, 2.6667E-02, 2.1867E+00, 4.4000E+00,
13:26:35.14691497, 4.0000E-02, 2.2000E+00, 3.8667E+00,
13:26:35.14691502, 5.3333E-02, 2.1867E+00, 4.1333E+00,
13:26:35.14691507, 5.3333E-02, 2.2000E+00, 4.0000E+00,
13:26:35.14691512, 2.6667E-02, 2.2267E+00, 4.0000E+00,
13:26:35.14691517, 4.0000E-02, 2.2133E+00, 4.0000E+00,
13:26:35.14691522, 2.6667E-02, 2.1867E+00, 4.0000E+00,
13:26:35.14691527, 2.6667E-02, 2.2133E+00, 3.8667E+00,
13:26:35.14691532, 2.6667E-02, 2.2133E+00, 4.0000E+00,
13:26:35.14691537, 4.0000E-02, 2.2133E+00, 4.1333E+00,
13:26:35.14691542, 5.3333E-02, 2.2133E+00, 4.0000E+00,
13:26:35.14691547, 5.3333E-02, 2.2133E+00, 3.4667E+00,
13:26:35.14691552, 8.0000E-02, 2.2133E+00, 3.6000E+00,
13:26:35.14691557, 5.3333E-02, 2.2133E+00, 3.7333E+00,
13:26:35.14691562, 5.3333E-02, 2.2400E+00, 3.4667E+00,
13:26:35.14691567, 4.0000E-02, 2.2267E+00, 3.6000E+00,
13:26:35.14691572, 0.0000E+00, 2.1867E+00, 3.4667E+00,
13:26:35.14691577, 2.6667E-02, 2.2000E+00, 3.7333E+00,
13:26:35.14691582, 5.3333E-02, 2.2133E+00, 3.6000E+00,
13:26:35.14691587, 4.0000E-02, 2.2133E+00, 3.4667E+00,
13:26:35.14691592, 4.0000E-02, 2.2000E+00, 3.6000E+00,
13:26:35.14691597, 5.3333E-02, 2.2133E+00, 3.2000E+00,
13:26:35.14691602, 1.3333E-02, 2.2400E+00, 3.0667E+00,
13:26:35.14691607, 6.6667E-02, 2.2400E+00, 3.2000E+00,
13:26:35.14691612, 5.3333E-02, 2.2400E+00, 3.4667E+00,
13:26:35.14691617, 1.3333E-02, 2.2000E+00, 3.4667E+00,
13:26:35.14691622, 4.0000E-02, 2.2000E+00, 3.3333E+00,
13:26:35.14691627, 5.3333E-02, 2.2267E+00, 3.2000E+00,
13:26:35.14691632, 6.6667E-02, 2.2400E+00, 3.2000E+00,
13:26:35.14691637, 1.3333E-02, 2.2000E+00, 2.9333E+00,
13:26:35.14691642, 2.6667E-02, 2.2400E+00, 3.0667E+00,
13:26:35.14691647, 5.3333E-02, 2.2133E+00, 2.8000E+00,
13:26:35.14691652, 4.0000E-02, 2.2400E+00, 3.2000E+00,
13:26:35.14691657, 6.6667E-02, 2.2400E+00, 3.0667E+00,
13:26:35.14691662, 5.3333E-02, 2.2533E+00, 2.9333E+00,
13:26:35.14691667, 8.0000E-02, 2.2400E+00, 2.8000E+00,
13:26:35.14691672, 1.3333E-02, 2.2267E+00, 2.6667E+00,
13:26:35.14691677, 5.3333E-02, 2.2533E+00, 2.6667E+00,
13:26:35.14691682, 1.3333E-02, 2.2533E+00, 2.5333E+00,
13:26:35.14691687, 5.3333E-02, 2.2533E+00, 2.4000E+00,
13:26:35.14691692, 4.0000E-02, 2.2400E+00, 2.6667E+00,
13:26:35.14691697, 1.3333E-02, 2.2533E+00, 2.4000E+00,
13:26:35.14691702, 2.6667E-02, 2.2400E+00, 2.2667E+00,
13:26:35.14691707, 5.3333E-02, 2.2533E+00, 2.5333E+00,
13:26:35.14691712, 5.3333E-02, 2.2533E+00, 2.4000E+00,
13:26:35.14691717, 1.3333E-02, 2.2667E+00, 2.5333E+00,
13:26:35.14691722, 0.0000E+00, 2.2533E+00, 2.2667E+00,
13:26:35.14691727, 4.0000E-02, 2.2533E+00, 2.1333E+00,
13:26:35.14691732, 2.6667E-02, 2.2533E+00, 2.2667E+00,
13:26:35.14691737, 4.0000E-02, 2.2533E+00, 2.0000E+00,
13:26:35.14691742, 6.6667E-02, 2.2533E+00, 2.2667E+00,
13:26:35.14691747, 5.3333E-02, 2.2267E+00, 2.0000E+00,
13:26:35.14691752, 5.3333E-02, 2.2533E+00, 1.7333E+00,
13:26:35.14691757, 1.3333E-02, 2.2533E+00, 2.0000E+00,
13:26:35.14691762, 5.3333E-02, 2.2667E+00, 1.8667E+00,
13:26:35.14691767, 4.0000E-02, 2.2400E+00, 1.7333E+00,
13:26:35.14691772, 6.6667E-02, 2.2533E+00, 2.0000E+00,
13:26:35.14691777, 2.6667E-02, 2.2667E+00, 1.7333E+00,
13:26:35.14691782, 4.0000E-02, 2.2533E+00, 1.6000E+00,
13:26:35.14691787, 2.6667E-02, 2.2400E+00, 1.4667E+00,
13:26:35.14691792, 5.3333E-02, 2.2533E+00, 1.6000E+00,
13:26:35.14691797, 5.3333E-02, 2.2667E+00, 1.3333E+00,
13:26:35.14691802, 1.3333E-02, 2.2533E+00, 1.3333E+00,
13:26:35.14691807, 6.6667E-02, 2.2533E+00, 1.2000E+00,
13:26:35.14691812, 4.0000E-02, 2.2533E+00, 1.7333E+00,
13:26:35.14691817, 1.3333E-02, 2.2400E+00, 1.4667E+00,
13:26:35.14691822, 5.3333E-02, 2.2533E+00, 1.4667E+00,
13:26:35.14691827, 4.0000E-02, 2.2400E+00, 1.3333E+00,
13:26:35.14691832, 5.3333E-02, 2.2667E+00, 1.2000E+00,
13:26:35.14691837, 5.3333E-02, 2.2533E+00, 9.3333E-01,
13:26:35.14691842, 5.3333E-02, 2.2533E+00, 1.0667E+00,
13:26:35.14691847, 5.3333E-02, 2.2400E+00, 1.0667E+00,
13:26:35.14691852, 2.6667E-02, 2.2533E+00, 8.0000E-01,
13:26:35.14691857, 5.3333E-02, 2.2533E+00, 1.3333E+00,
13:26:35.14691862, 1.3333E-02, 2.2400E+00, 1.0667E+00,
13:26:35.14691867, 2.6667E-02, 2.2533E+00, 9.3333E-01,
13:26:35.14691872, 5.3333E-02, 2.2533E+00, 8.0000E-01,
13:26:35.14691877, 4.0000E-02, 2.2667E+00, 8.0000E-01,
13:26:35.14691882, 6.6667E-02, 2.2400E+00, 9.3333E-01,
13:26:35.14691887, 4.0000E-02, 2.2533E+00, 8.0000E-01,
13:26:35.14691892, 8.0000E-02, 2.2533E+00, 9.3333E-01,
13:26:35.14691897, 4.0000E-02, 2.2267E+00, 4.0000E-01,
13:26:35.14691902, 5.3333E-02, 2.2667E+00, 4.0000E-01,
13:26:35.14691907, 2.6667E-02, 2.2267E+00, 5.3333E-01,
13:26:35.14691912, 4.0000E-02, 2.2533E+00, 6.6667E-01,
13:26:35.14691917, 1.3333E-02, 2.2533E+00, 4.0000E-01,
13:26:35.14691922, 4.0000E-02, 2.2533E+00, 5.3333E-01,
13:26:35.14691927, 2.6667E-02, 2.2667E+00, 1.3333E-01,
13:26:35.14691932, 6.6667E-02, 2.2400E+00, 2.6667E-01,
13:26:35.14691937, 4.0000E-02, 2.2533E+00,-1.3333E-01,
13:26:35.14691942, 5.3333E-02, 2.2533E+00, 4.0000E-01,
13:26:35.14691947, 5.3333E-02, 2.2533E+00, 2.6667E-01,
13:26:35.14691952, 5.3333E-02, 2.2400E+00, 5.3333E-01,
13:26:35.14691957, 2.6667E-02, 2.2400E+00, 0.0000E+00,
13:26:35.14691962, 2.6667E-02, 2.2667E+00,-4.0000E-01,
13:26:35.14691967, 4.0000E-02, 2.2400E+00,-1.3333E-01,
13:26:35.14691972, 4.0000E-02, 2.2400E+00, 0.0000E+00,
13:26:35.14691977, 5.3333E-02, 2.2533E+00, 1.3333E-01,
13:26:35.14691982, 4.0000E-02, 2.2533E+00,-5.3333E-01,
13:26:35.14691987, 0.0000E+00, 2.2533E+00,-4.0000E-01,
13:26:35.14691992, 2.6667E-02, 2.2533E+00,-4.0000E-01,
13:26:35.14691997, 4.0000E-02, 2.2533E+00,-2.6667E-01,
13:26:35.14692002, 2.6667E-02, 2.2533E+00,-5.3333E-01,
13:26:35.14692007, 2.6667E-02, 2.2533E+00,-4.0000E-01,
13:26:35.14692012, 2.6667E-02, 2.2133E+00,-5.3333E-01,
13:26:35.14692017, 2.6667E-02, 2.2400E+00,-4.0000E-01,
13:26:35.14692022, 1.3333E-02, 2.2267E+00,-5.3333E-01,
13:26:35.14692027, 9.3333E-02, 2.2533E+00,-6.6667E-01,
13:26:35.14692032, 5.3333E-02, 2.2400E+00,-8.0000E-01,
13:26:35.14692037, 2.6667E-02, 2.2400E+00,-8.0000E-01,
13:26:35.14692042, 4.0000E-02, 2.2533E+00,-8.0000E-01,
13:26:35.14692047, 2.6667E-02, 2.2267E+00,-8.0000E-01,
13:26:35.14692052, 2.6667E-02, 2.2000E+00,-6.6667E-01,
13:26:35.14692057, 1.3333E-02, 2.2133E+00,-6.6667E-01,
13:26:35.14692062, 2.6667E-02, 2.2267E+00,-8.0000E-01,
13:26:35.14692067, 2.6667E-02, 2.2000E+00,-6.6667E-01,
13:26:35.14692072, 5.3333E-02, 2.2267E+00,-8.0000E-01,
13:26:35.14692077, 8.0000E-02, 2.2267E+00,-1.2000E+00,
13:26:35.14692082, 5.3333E-02, 2.2133E+00,-1.0667E+00,
13:26:35.14692087, 4.0000E-02, 2.2400E+00,-9.3333E-01,
13:26:35.14692092, 4.0000E-02, 2.2133E+00,-1.0667E+00,
13:26:35.14692097, 4.0000E-02, 2.2000E+00,-1.2000E+00,
13:26:35.14692102, 1.3333E-02, 2.2267E+00,-1.2000E+00,
13:26:35.14692107, 4.0000E-02, 2.2133E+00,-1.2000E+00,
13:26:35.14692112, 1.3333E-02, 2.2000E+00,-1.6000E+00,
13:26:35.14692117, 2.6667E-02, 2.2133E+00,-1.3333E+00,
13:26:35.14692122, 5.3333E-02, 2.2133E+00,-1.8667E+00,
13:26:35.14692127, 6.6667E-02, 2.2400E+00,-1.6000E+00,
13:26:35.14692132, 5.3333E-02, 2.2133E+00,-1.6000E+00,
13:26:35.14692137, 5.3333E-02, 2.2400E+00,-1.7333E+00,
13:26:35.14692142, 2.6667E-02, 2.2267E+00,-1.3333E+00,
13:26:35.14692147, 0.0000E+00, 2.2000E+00,-1.0667E+00,
13:26:35.14692152, 4.0000E-02, 2.2000E+00,-1.2000E+00,
13:26:35.14692157, 2.6667E-02, 2.2267E+00,-1.3333E+00,
13:26:35.14692162, 4.0000E-02, 2.2133E+00,-1.7333E+00,
13:26:35.14692167, 5.3333E-02, 2.2000E+00,-1.7333E+00,
13:26:35.14692172, 2.6667E-02, 2.2267E+00,-1.7333E+00,
13:26:35.14692177, 4.0000E-02, 2.2133E+00,-1.7333E+00,
13:26:35.14692182, 5.3333E-02, 2.1867E+00,-2.0000E+00,
13:26:35.14692187, 1.3333E-02, 2.1733E+00,-1.7333E+00,
13:26:35.14692192, 4.0000E-02, 2.2000E+00,-1.7333E+00,
13:26:35.14692197, 2.6667E-02, 2.1733E+00,-2.0000E+00,
13:26:35.14692202, 4.0000E-02, 2.1733E+00,-1.6000E+00,
13:26:35.14692207, 4.0000E-02, 2.1867E+00,-2.0000E+00,
13:26:35.14692212, 2.6667E-02, 2.1733E+00,-1.8667E+00,
13:26:35.14692217, 5.3333E-02, 2.1733E+00,-2.0000E+00,
13:26:35.14692222, 2.6667E-02, 2.1733E+00,-2.1333E+00,
13:26:35.14692227, 2.6667E-02, 2.1733E+00,-2.0000E+00,
13:26:35.14692232, 1.3333E-02, 2.1467E+00,-2.2667E+00,
13:26:35.14692237, 4.0000E-02, 2.1600E+00,-2.1333E+00,
13:26:35.14692242, 4.0000E-02, 2.1867E+00,-2.1333E+00,
13:26:35.14692247, 0.0000E+00, 2.1867E+00,-2.0000E+00,
13:26:35.14692252, 0.0000E+00, 2.1733E+00,-2.2667E+00,
13:26:35.14692257, 4.0000E-02, 2.1600E+00,-2.1333E+00,
13:26:35.14692262,-1.3333E-02, 2.1600E+00,-2.2667E+00,
13:26:35.14692267, 5.3333E-02, 2.1733E+00,-2.1333E+00,
13:26:35.14692272, 0.0000E+00, 2.1600E+00,-2.4000E+00,
13:26:35.14692277, 2.6667E-02, 2.1733E+00,-2.5333E+00,
13:26:35.14692282, 1.3333E-02, 2.1600E+00,-2.4000E+00,
13:26:35.14692287, 1.3333E-02, 2.1467E+00,-2.4000E+00,
13:26:35.14692292, 2.6667E-02, 2.1600E+00,-2.4000E+00,
13:26:35.14692297, 0.0000E+00, 2.1733E+00,-2.5333E+00,
13:26:35.14692302, 1.3333E-02, 2.1600E+00,-2.4000E+00,
13:26:35.14692307, 0.0000E+00, 2.1600E+00,-2.5333E+00,
13:26:35.14692312, 1.3333E-02, 2.1867E+00,-2.2667E+00,
13:26:35.14692317, 5.3333E-02, 2.1200E+00,-2.5333E+00,
13:26:35.14692322, 2.6667E-02, 2.1333E+00,-2.9333E+00,
13:26:35.14692327, 1.3333E-02, 2.1333E+00,-2.8000E+00,
13:26:35.14692332, 6.6667E-02, 2.1600E+00,-2.8000E+00,
13:26:35.14692337, 4.0000E-02, 2.1467E+00,-2.6667E+00,
13:26:35.14692342, 2.6667E-02, 2.1600E+00,-2.9333E+00,
13:26:35.14692347,-1.3333E-02, 2.1467E+00,-2.4000E+00,
13:26:35.14692352, 0.0000E+00, 2.1600E+00,-2.6667E+00,
13:26:35.14692357, 1.3333E-02, 2.1467E+00,-2.8000E+00,
13:26:35.14692362, 4.0000E-02, 2.1200E+00,-2.6667E+00,
13:26:35.14692367, 2.6667E-02, 2.1200E+00,-2.5333E+00,
13:26:35.14692372, 5.3333E-02, 2.1067E+00,-2.9333E+00,
13:26:35.14692377, 1.3333E-02, 2.1200E+00,-2.6667E+00,
13:26:35.14692382, 2.6667E-02, 2.1067E+00,-3.0667E+00,
13:26:35.14692387, 0.0000E+00, 2.1200E+00,-2.9333E+00,
13:26:35.14692392, 0.0000E+00, 2.1200E+00,-3.0667E+00,
13:26:35.14692397, 0.0000E+00, 2.1067E+00,-2.8000E+00,
13:26:35.14692402, 1.3333E-02, 2.1333E+00,-3.2000E+00,
13:26:35.14692407, 1.3333E-02, 2.1200E+00,-3.3333E+00,
13:26:35.14692412, 5.3333E-02, 2.1067E+00,-3.2000E+00,
13:26:35.14692417, 0.0000E+00, 2.1200E+00,-3.3333E+00,
13:26:35.14692422, 2.6667E-02, 2.0800E+00,-3.3333E+00,
13:26:35.14692427, 2.6667E-02, 2.1200E+00,-3.4667E+00,
13:26:35.14692432,-1.3333E-02, 2.1333E+00,-3.2000E+00,
13:26:35.14692437,-1.3333E-02, 2.1067E+00,-3.2000E+00,
13:26:35.14692442, 0.0000E+00, 2.1067E+00,-3.3333E+00,
13:26:35.14692447, 0.0000E+00, 2.1200E+00,-3.2000E+00,
13:26:35.14692452, 2.6667E-02, 2.1200E+00,-3.4667E+00,
13:26:35.14692457, 0.0000E+00, 2.1200E+00,-3.2000E+00,
